9960000001    -0.021174237608957     0.606472609753751     1.032527286276996
9960000002     0.025613182659219     0.831502621609466     0.420242813026705
9960000003     0.573841499439825     0.766967261338252     0.982543225535279
9960000004     0.060858105882912     1.103048567822624     0.911237923008774
9960000005     0.397806062478447     0.047063249941984     0.478414315052110
9960000006     0.867074579625369     0.840662696224023     0.662472131174030
9960000007     0.511420104530150     0.658069899870009     0.761590437095118
9960000008     0.124736182363236     0.690413719416705     0.761765332614940
9960000009     0.795062720707983     0.349794803197941     0.381059352569213
9960000010     0.354328211217550     0.226685809652736     0.435597315378868
9960000011     0.948359818563561     0.510475468898896     1.013858913075638
9960000012     0.613280448632223     0.709577674002152     0.975182593118368
9960000013     0.233703249822272     0.078540933767528     0.699964024801605
9960000014     0.079801171899196    -0.094026753849416     0.237390697849707
9960000015     0.419535237325297    -0.055647399177382     0.648214629247646
9960000016     0.427176256981013     0.577458158034902    -0.246805554989803
9960000017     0.268446503352057     0.257007711736825     1.085302755760193
9960000018     0.502769029081090     0.224844909200767     0.865635787631035
9960000019     0.094488953910290    -0.089925407276365     0.239516874466307
9960000020     0.588821689344649     0.154012919981916     0.430571206740260
9960000021     0.751683673350471     0.487616664497087     0.369338654466924
9960000022     0.715799512276047     0.067434226125584     0.791114562012749
9960000023     0.880109912174257     0.293474305807028     0.627019850129605
9960000024     0.529322122305693     0.243710466950767     0.360461763901913
9960000025     0.160994867775652     0.587674857464587     0.230539626635745
9960000026     0.099129029504149     0.654486819581018     0.793555466527871
9960000027     0.909526354565036     1.089655649347639     0.804646545354212
9960000028     0.891330918914289     0.390708254598794     0.288451727544769
9960000029     0.525918710908780    -0.023318190998972     0.861708711203986
9960000030     0.116269232445017     0.682113498042746     0.789983886106431
9960000031     0.794326160972436     0.323091118683726     0.525737500271402
9960000032     0.636193659768129     0.733392627785726     0.303222699657214
9960000033     0.948093011198627     1.076876658900523     0.053664123472180
9960000034     0.447060285184743     0.688411392241964     0.296181738952153
9960000035     0.553805422047228     0.342008350445622    -0.112378772332985
9960000036     0.078541325553709     0.971049000846066     0.777148594189519
9960000037     0.963775411537233     0.131098951244152     0.252145220166873
9960000038    -0.063633288864012     0.846439649302767     0.135574670548361
9960000039     0.854151127271053     0.783430642573380     0.795024672723601
9960000040     0.413076416269304     0.182565415602878    -0.004709494134167
9960000041     0.588617826550801     0.103785612584587     0.461763403544137
9960000042     0.992254962904456     0.511185683836177     0.914517887608930
9960000043     1.083813070528884     0.889544388764474     0.068282871764202
9960000044     0.401522002245498     0.897787442290172     0.188998967091437
9960000045     0.915049664127932     0.291608806504151    -0.072418968011914
9960000046     0.241119231815015     0.101873173216643     1.064950738712888
9960000047     0.738953079400533     0.842955129204341     0.580977059675670
9960000048     0.137002048645465     0.676534754601821     0.777399536094265
9960000049     0.005553337920696    -0.179963199053050    -0.209411808039732
9960000050     0.366033653843928     0.076802496014293    -0.021350840172528
9960000051     0.753371192223883     0.248045116644694     0.792435952186537
9960000052     0.518247829142495    -0.023494574584204     0.794053763171112
9960000053     0.674910301881807     0.314527671063827     0.434399846828090
9960000054     0.688216985944292     0.153942396654284    -0.079424816177854
9960000055     0.798834376508775     0.420354022252605     0.377902347997288
9960000056     0.961991515881918    -0.184535453568814     1.009564294057684
9960000057     0.389040910846004     0.353354212650330     0.671075051738173
9960000058     0.352285707359427     0.147649910340436    -0.079014166424781
9960000059    -0.097610509240094     0.144215327065328     0.553086143483870
9960000060     0.772764102365435     0.270777346956288     0.828391370430586
9960000061     0.646988311730825     0.605828684396539     0.470815607475424
9960000062     0.579390376946907     0.158519009744367     0.500172470354427
9960000063     0.815874217344140     0.009938954641648     0.465779394477245
9960000064     0.497575254921542     0.359652949268271     1.135578404052269
9960000065     0.565268256105352     0.043351594244905     0.675831456225404
9960000066     0.569861901108509     0.739594970031452     0.944183569449380
9960000067     0.579163184563704     0.749245644047736     0.962432358538762
9960000068     0.783677116275449    -0.073780980277384     0.061299399972263
9960000069     0.067646779933534    -0.107666812372573     0.245625654809704
9960000070     0.657317381322526     0.866434719064396     1.182049268716595
9960000071     0.813635941972876     0.376645508460041     0.472225945474635
9960000072     0.748444691577493     0.690692833904257     0.710847186003162
9960000073     0.719688689767982     0.042183961748726     0.855963297414442
9960000074     0.577588635094310     0.147328287388995     0.863620391024292
9960000075     0.849681501061731     1.127491299508436     0.311423330662962
9960000076     0.409465670863187    -0.060588082554798     0.570785937129488
9960000077     0.854168568937507     0.522626210678211     1.123640817959806
9960000078     0.371105616048801     0.168437784711032    -0.007505371147479
9960000079     0.817657447165635    -0.097152799527055     0.301000569076777
9960000080     0.495775496401351     0.262339972789866    -0.031072785894503
9960000081     0.139019381920922     0.643847874501528     0.785996785771807
9960000082     0.321303365747128     0.161637270581514    -0.025043546398725
9960000083     0.763557108984174     0.242817340729777     1.143551821971116
9960000084     0.701890041361066     0.547716270498912     0.304088831930937
9960000085     0.365252775036239     0.324535982773741     0.759104022537662
9960000086     0.748666947646977     0.619810588411534     0.845806273332587
9960000087     0.462957351570975     1.133473543014807     0.695157544190115
9960000088     0.785681882170556     0.345689189393369     0.573385218236322
9960000089     0.393794556587632    -0.115719962525069     1.259133275041486
9960000090     1.011403119931379     1.020382960128210     0.151981017499303
9960000091     0.477913421388509     1.022892316148009     1.055314708652968
9960000092     0.800220903079491     0.290924672536182     1.061290858330099
9960000093     0.837212581182864     0.362139933138171     0.178568657161034
9960000094     0.811038582556425     0.647160956082767     0.554217960278064
9960000095     0.072648847606217    -0.105324562227107     0.249660849331090
9960000096     0.374357437553161     0.898972002281615     0.627380056379861
9960000097     0.549145596595638     0.181143658501430     0.969409972418490
9960000098     0.770663351366755     0.158350332718085     0.711391979559044
9960000099     0.568569869336825     0.667583429821759     1.080201200411259
9960000100     0.970838238277439     0.563959373596114     1.068778169195378
9960000101     0.969782271930608     0.529688814168873     0.965800621612422
9960000102    -0.090910877404016     0.842352172290887    -0.187386838071730
9960000103     0.808847600683658     0.180146454335182     1.060239219963480
9960000104     0.923259450416794     0.624099845650988     0.686912484034066
9960000105     0.867921276042040     0.709822427680349     0.341629547677620
9960000106     0.308427721396556     0.163413639164941    -0.012300859747365
9960000107    -0.062696489560176     0.509779741367413     0.794700813743381
9960000108     0.307830240718898     0.518093078172421    -0.016125237350967
9960000109     0.684067525534739     0.374636505525813     0.324430275246454
9960000110     0.142724628962763     0.645365455283381     0.787797962919812
9960000111     1.011401945445539     0.805540254549191     0.854086771747789
9960000112     0.415843903399775     0.042405427632653     1.053828711157654
9960000113     0.082221104959438    -0.116737016637014     0.226482697052767
9960000114     0.926392987404013     0.367875176091257     0.418063780607374
9960000115     0.599856704095844     0.695807898201203     0.929648525445110
9960000116     0.119445918191374     0.671911335982580     0.738322005938837
9960000117     0.278600785703641     0.028846070173393     1.130570097460125
9960000118     0.917341352676188     0.508511651669698     1.029688321010633
9960000119     0.852361330336112     0.298460676806129     1.002007487866349
9960000120     0.958645411677791     0.499363526131821     1.037538644880544
9960000121     0.076335439901843     0.117789695029630     0.471001912677322
9960000122     0.722335809008026     0.295203687695625     0.542715386050685
9960000123     0.496485483998420     0.173641156944843     1.009067433304424
9960000124     0.652041261512059     0.774194096932553     0.135866624993028
9960000125     0.262208920956155     0.266864346488940     0.519206176798540
9960000126     0.348412870481092     0.060327117753984     0.602003619114820
9960000127     0.772752641424012     0.413372963223804     0.425819267853839
9960000128     0.120373551356687     0.671023936789068     0.769363123972499
9960000129     0.486342147208497     0.303936635697274     0.762680535539939
9960000130     0.628245710602610     0.355488882208993     0.414775505723830
9960000131     0.526059491488670     0.211580233753843     0.960839535833035
9960000132     0.055769557580993    -0.106153820339036     0.250990088958772
9960000133     1.027036359807874     0.950648104346352     0.051623339417284
9960000134     0.183842218200528     0.682419553353822     0.355527510297838
9960000135     0.829324613614691     0.505675532183887     0.260838479816342
9960000136     0.197150713209986     0.615830248412863     0.149702328132470
9960000137     0.089983352638335     0.462531689107517     1.274200266725706
9960000138     0.369659453366907     0.661896554436085     0.251619089074689
9960000139     0.855169773122423     0.212211663352213     0.438063809832894
9960000140     0.949812826940245     0.473316486171410     0.989550757961964
9960000141     0.989545647593299     0.477713782803580     1.061809378780391
9960000142     0.790015708147534     0.733998538154973     0.362930151323042
9960000143     0.345573378001967     0.748637596621075     0.283592553741394
9960000144     0.576480193246901     0.030613625176069     0.658878487213421
9960000145     0.283060063473956     0.087288164962356     0.586880106776179
9960000146     0.154519163164417     0.671726622331709     0.797659110603140
9960000147     0.975439679304170     0.599115272916451     0.991226093942931
9960000148     0.827900130930166     0.532588748609441     0.849187378234971
9960000149     0.106541760127981    -0.103922832094828     0.230358689822929
9960000150     0.570245345422628     0.693514792216549     0.927026383177185
9960000151     0.294253065807602     0.262769791941551     0.789718707865051
9960000152     0.908309982993253     0.430683846575646     0.511855718147298
9960000153     0.347161013659697     0.185800714544839     0.009561949109986
9960000154     0.571486121288476     0.697054841559075     0.932847410508960
9960000155     0.066023921733043     0.384377287467636    -0.121191220041321
9960000156     0.697132094537484     0.229500368269051     0.328624994796696
9960000157     0.083572909566708    -0.094267953583878     0.250595702199202
9960000158     0.975804178357546     0.562535746379287     1.049839911160073
9960000159     0.320969386506248     0.242167996787882    -0.019889765166228
9960000160     0.411725406807533     0.925988371359048     0.908346421510356
9960000161     0.279785867592245     1.101476806073358     0.667023059063699
9960000162     0.621390428033083     0.682716720162700     0.972281546627376
9960000163     0.677116551765896     0.338044293741195    -0.192111972748937
9960000164    -0.031591640262022     0.867522723428480     0.995176206001750
9960000165     0.970937192331437     0.542379014843797     1.037196658502129
9960000166     0.271431795736811     0.160519329241219     0.616211492994818
9960000167     0.019794655792685     0.086884700292327     0.955012953027556
9960000168     1.065436049061476     0.746993796014968     0.773977964449631
9960000169     0.138138806384470     0.036377501217573     0.824281645909476
9960000170     0.418812117673998     0.402882876129374     0.977164945543527
9960000171     0.133723019647430     0.684044885933737     0.818583173505089
9960000172     0.033611504933014    -0.083924107593001     0.349032794597723
9960000173     1.090954552947706     0.993688836586380     0.749972028381456
9960000174     0.245696406074023    -0.129182154263514     0.769348312159881
9960000175     0.868925667476895     0.738367751015280     0.264132261838522
9960000176     0.127800468996869     0.647372071190109     0.798012700204734
9960000177     0.394798292154273     0.157992758982089     1.003766067042873
9960000178     0.709311346308354     0.969463352945792     0.002939808958634
9960000179     0.569234523252088     0.298303105055251     0.860016358819563
9960000180     0.206697284693047     0.089704943163493     0.594177892075028
9960000181     0.138171673451919     0.645056390773504     0.770428353247251
9960000182     0.585058199080030     0.795007802753293     0.574450335752902
9960000183     0.416705495698086     0.142418158016888     0.737138516009542
9960000184     0.077348039692449    -0.091925462122134     0.246507313951348
9960000185     0.995579838363526     0.547344804904346     1.049987387167397
9960000186     0.461751564763754     0.436557074531033     0.912314422917585
9960000187     0.721189766964612     0.461824376682834     0.931085289843682
9960000188     0.725934503528807     1.028371401186174    -0.175932581059517
9960000189     0.896903528846907     1.000475368804818     0.231110844603286
9960000190     0.384427706654602     0.174038894561332    -0.057035305837594
9960000191     0.738474250584999    -0.042727007769582     0.718741357507887
9960000192     0.798669224677293     0.260513964821882     0.419203027940943
9960000193     0.063477377150191     0.024282786836457    -0.206844834503331
9960000194     0.089965153871994     1.033258598568177     0.115594661074640
9960000195     0.491582820642144     0.744344923741027     0.571955324492714
9960000196     0.397917836983666     0.159681266635164     1.218937868415336
9960000197     0.837797942728281     0.340642063182458     0.489818879160250
9960000198     0.928871802838473     0.520223822146978     0.680984913307987
9960000199     0.816166889941009     0.469516878666121     0.996234872266535
9960000200     0.242093854705443     0.857423047418900     0.889877691984078
9960000201     0.424627742783590     1.074133210620234     0.200620480638154
9960000202     0.916508941844912     0.740984718792457     1.244728322355931
9960000203     0.855712843135192     0.162478030204362     0.970270496010114
9960000204     0.380839723263369     0.750644337075057     0.044096993372004
9960000205     0.973016316862082     0.419851102576934     0.393522321145436
9960000206     0.412873563959083    -0.124356392533280     0.560069892185897
9960000207     0.882242226402059     0.285341802362437     0.396643080759483
9960000208     0.404253513037730     0.063252584568155     0.687715799455546
9960000209     0.062785698986711    -0.089233889397779     0.235876887520097
9960000210     0.899993038973256    -0.072051635639567     0.504047849478812
9960000211     0.492084098035698     0.303929807383587     0.175139379062033
9960000212     0.039609280328440     0.658658671944003     0.037221915234669
9960000213     0.290549697369856     0.963695230719799     0.314860641880980
9960000214     0.026927002821161     0.222006976136059     0.368540682304038
9960000215     0.395600006683535     1.014251667280226    -0.284033655538186
9960000216     0.134738070002385     0.700002704049213     0.799297883587009
9960000217     0.459470706443005     0.035717573637780     1.066779083357522
9960000218     0.278419778391250     0.114385209888826     0.326480247813681
9960000219     0.283252811280365     0.197939799340116     1.037493988160987
9960000220    -0.004887863952017     0.550965856491045     0.874111425380901
9960000221     0.894464371864697     0.842925528656643     0.440961747347593
9960000222     0.709449648288673     0.130062222349299     0.874246657439553
9960000223     0.817422034054710     0.119763685443645     0.734638133300917
9960000224     0.359393268810810     0.107212130793812     0.608639783099989
9960000225     0.071259301630865    -0.102973792443662     0.240030590402785
9960000226     0.825715749575549     0.690074446971777     0.363270694772516
9960000227     0.258122578088197    -0.108681251429038     0.708339020749455
9960000228     0.691244703930648     0.961792653616017    -0.257359933418755
9960000229     0.449066058694838     0.097371896265862     0.051002943680013
9960000230     0.593549814293636     1.071496194108594     0.635176737682329
9960000231     0.773678730615346     0.153977682775816     1.046965506957009
9960000232     0.578875939559931     0.678604984476727     0.949983841827263
9960000233     0.148784793805127     0.652727927119326     0.787699162043173
9960000234     0.618841881904537     0.685843021875850     0.934252742730695
9960000235     0.809234332384933     0.245002203390161     1.109951979951896
9960000236     0.568225599000633     0.784748525958701     0.223304117731067
9960000237     0.770442378705889     0.622040258247971     0.255384387691545
9960000238     0.594829891901797     0.455918061492299    -0.028945103911684
9960000239     0.242578102731474     0.149389584683797     0.882340268307257
9960000240     0.749154948434090     0.156472696564325     0.194050988108355
9960000241     0.074016719312726    -0.120718563582790     0.264567666736429
9960000242     0.208689963797189    -0.162995993527683     0.829056748303785
9960000243     0.075135158621142    -0.161894836879240     0.735349224000020
9960000244     0.579067151030540     0.683402825070407     0.951923844130613
9960000245     0.168884148399910     0.638652771234723     0.794425532671517
9960000246     0.987670098486309     0.364936958929676     1.133847750013348
9960000247     0.971669035439174     0.506858460815770     1.147162374146297
9960000248     0.528541405887711     0.622364449428706     0.594231793046240
9960000249     0.418850364329097    -0.123353470156523    -0.226729894614871
9960000250     0.297595455352711     0.345843595306592     0.810812639984631
9960000251     0.548502631831579     0.478341135398776    -0.210220858609501
9960000252     0.457139738532135     0.613502569496226     0.451579901974419
9960000253     0.235714204459175     0.048640034921492     0.754117253857981
9960000254     0.393813739444311     0.177927573587388     0.953211748535112
9960000255     0.238801011124849     0.372364733435771     0.347990445856993
9960000256     0.080314176633026    -0.114414782335013     0.244318622269014
9960000257     1.030538266792849     1.178189516950838     1.078466413065422
9960000258     0.393250250517807     0.719989397866536     0.351067369650548
9960000259     0.746499173786498     0.397088554079328     0.866902994825459
9960000260     0.408521318057913     0.752675950689747     0.443987104049626
9960000261     0.592014629749316     1.019864804711219     0.204994818740758
9960000262     0.708111251636999    -0.130157904092924     0.191767683754931
9960000263     0.576001033615420     0.062492863034950     1.014067419810045
9960000264     0.948975126440454     0.537864628717585    -0.051645607102805
9960000265     0.724390675680802     0.639857920739004     0.610942188847477
9960000266     0.488068519797340     0.160445272206588     0.506337454702017
9960000267     0.119328997026094     0.654345929109830     0.790458078793943
9960000268     0.639551210938803    -0.166733539314253     0.582136997058159
9960000269     0.975141908009964     0.547564640977669     1.019365438205611
9960000270     0.646274836441318     0.981275126215536     0.928732426034845
9960000271     0.366781656994402    -0.063189420247575     0.548026408481767
9960000272     0.764088519933815     0.186367898546812     0.825632514783912
9960000273     0.074965087605326    -0.135800589514175     1.025861706294620
9960000274     0.709310141285161     0.273963486604320     0.625588816724099
9960000275     0.934546818852696     0.883612543546381     1.254754921926098
9960000276     0.082489946755972     0.598416235131074     1.278092586981581
9960000277     0.077147682564929     1.085686400250039     0.040478936623634
9960000278     0.552439203715871     0.404871571279001    -0.107316838404003
9960000279     0.734561230959975     0.898243288483664     0.192216145630493
9960000280     0.384185902101021     1.155250644593792     0.638180581842812
9960000281     0.787946871572569    -0.055665955959140     0.670326585110454
9960000282     0.827319033436269     0.365358535808628     0.397537917735910
9960000283     1.037956423492955     0.529592218520436     1.209763132609378
9960000284     0.461224568919162     0.693288696646225     0.756227506467878
9960000285     0.473670111789049     0.203856898499384     1.059271232802659
9960000286     0.091380821560056     0.630302010184436     0.774424256820860
9960000287     0.065067368617801    -0.098227375254069     0.227696410333057
9960000288     0.130186559650976     0.632393924653413     0.777137099699085
9960000289     0.201758238178670     0.481033983894655     1.292995384843429
9960000290     1.043960445806157     0.596577896995448     0.979017584646486
9960000291     0.842613000800274     0.020561780678636     0.990658822026125
9960000292     0.431854778030487    -0.156553505101311     0.045340179794664
9960000293     1.017905617023229     1.051497371083538     0.816432655578480
9960000294     0.563156875321625     0.667471312997310     0.990506263484431
9960000295     0.949427552140915     0.650568009228202     0.880460726464014
9960000296     0.615429266858583     0.579485468209074     0.211140932921188
9960000297     0.997242814072972     0.869969654821637     0.841874433695318
9960000298     0.248712313192087     0.116805746560052    -0.159014495445538
9960000299     0.669083422827392     1.160316057526293     0.821775518113412
9960000300     0.578404673317499     0.262236255561605     0.686429648219931
9960000301     0.645077883709438     1.018029526672903     0.719895138530975
9960000302     0.050314033600123    -0.096246457270123     0.245741593761541
9960000303     0.799986517342184     0.942765699057578     0.393058121046348
9960000304     0.544678288268064     0.463346516648813     0.371011215815534
9960000305    -0.071351281229342    -0.156993069588469     0.106743300345738
9960000306     0.744016236656545     0.370805484316062     0.346473182654510
9960000307     0.982650393995697     0.175825427316412     0.368537275074720
9960000308     0.950229958891859     0.214018930428178     1.044301650302333
9960000309     0.825317691531297     0.840219776581327     0.262090435828938
9960000310     0.509465762724979     0.238315463688914     1.065977621326949
9960000311     0.637008338789503     0.333173685935334     0.763386672615207
9960000312     0.373201404063239     0.226818742410022     1.072280402854858
9960000313     0.840223817158571     0.768818110025244     0.907581106842144
9960000314     0.307480338842563     0.034305466321345     0.525996250932802
9960000315     0.057513025768053    -0.104137217166292     0.243472311149218
9960000316     0.368253027156297     0.030174708307080     0.626315273935730
9960000317     0.077233253320876    -0.100137931628713     0.225472132051553
9960000318     0.656172215317343     0.869856587457747     0.325251015284345
9960000319     0.969313130476697     0.119756960710895     1.064078656824109
9960000320     0.345562150930640     0.699832370973502    -0.143830317717221
9960000321     0.950736402230466     0.548686757881936     1.016348294978814
9960000322     0.761355085987637     0.403578434278998     0.992720633866723
9960000323    -0.000500695815741     1.041628135368670     0.073481668325376
9960000324     0.119091698822785     0.649933291355931     0.785449471928429
9960000325     0.775006804354046     0.354835924528397     0.952948607173812
9960000326     0.808936092397026     0.358571422176158     0.823297465000116
9960000327     0.514582366856419     0.670998467670390     0.509372611686016
9960000328     0.923090368185728     0.576475378396564     0.723267580718498
9960000329     0.734771586902795     1.022427193437963     0.194091265121557
9960000330     0.508836536826931     0.129041111868139     1.251561068049420
9960000331     0.718417974077004     0.534558655527562     0.694330932127285
9960000332     0.236222377658276     0.541012744324494     0.840597532482798
9960000333     0.765129288896452    -0.015672654964397     0.669191918018909
9960000334     0.077375785697554    -0.110627964791510     0.256443635902507
9960000335     0.864182234631470     0.524586774682594     0.003264689272209
9960000336     0.841072266508473     0.766333581401163    -0.043690982374335
9960000337     0.963066847906588     0.528547628529812     1.057968748724413
9960000338     1.014197574672074     0.374627342138788     0.184659226235034
9960000339     0.304695540434561     0.103023182804589    -0.064775799708046
9960000340     0.397595990776722    -0.107440673079409     0.669862111406875
9960000341     0.218132373522189     0.604417691096927     0.738789544177303
9960000342     0.660748879570004     0.921520344998393    -0.043319693679893
9960000343     0.703195691281771     0.458304583366231     0.324254695739689
9960000344     0.461067293680381     0.634907910588112    -0.082981878235072
9960000345     0.317930016462992     0.402143304988213     0.366405171814546
9960000346     0.092060849796129    -0.079585325427887     0.239377876576291
9960000347     0.362875891610775     0.016965764224055     1.120792817976955
9960000348     0.468812992162039     0.703687408610918     0.468987340430701
9960000349     0.785339634486331     0.261026283608897     1.090284469681803
9960000350     0.637750610601261     0.282374595115029     0.474505028943560
9960000351     0.988397994041904    -0.010226541131781     0.992054389261803
9960000352     1.001757942144956     0.508334238849449     1.031958594867793
9960000353     0.440694060164064     0.169365084537359     1.098951533067287
9960000354     0.750053203931927     1.108984248210134     0.845658031417286
9960000355     0.301823086570865     0.819245113229628     0.911490233094496
9960000356     0.901888005886482     1.179333241267114     0.257356565893090
9960000357     0.281319786306602    -0.086382664976608     0.897645035849291
9960000358     0.133337464843448     0.622795541916384     0.792024448169880
9960000359     0.848293117649022     0.939358040060470     0.673453275014712
9960000360     0.915301875425275     0.099258912016461     0.974226639717259
9960000361     0.548610551694944     0.333512188187149    -0.158979787339337
9960000362     0.723122459328450     0.929075251292071     0.172172835372042
9960000363     0.464426333348606     0.117643879532620     1.103962101067601
9960000364     0.661019287967720     0.670983175888737     0.657723200899401
9960000365     0.480246981030250     0.127300190746296     1.156526970225167
9960000366     0.134467159186705     0.092262222471228     1.278171006748251
9960000367     0.320891768149907     0.225065428634047     0.859550890238861
9960000368     0.024067189948206    -0.076672223745125     0.835355029617069
9960000369     0.150388197431222     0.637618962034079     0.785522882077436
9960000370     0.974065520271889     0.237905452731111     0.385933522613511
9960000371     0.958219616409593     0.725275080768045     1.132605294472932
9960000372     0.216776608272200     0.261568970080447     0.123288170363468
9960000373     0.706016547694873     0.369043465650026     0.353616610070292
9960000374     0.354780321188730     0.073308281845191     0.936977713827035
9960000375     0.635399583014460     0.328384056115151     0.756980984421772
9960000376     0.413558896256934     0.359791262436787     0.608398033611303
9960000377     0.949823511581718     0.134295354291733     0.921176205646672
9960000378     0.841847557951785     0.873575824588885     0.351853813713306
9960000379     0.823004171508302     0.704834253063255     0.316746990369079
9960000380     0.346065221690224     0.545559305836165     0.773867191823534
9960000381     0.518371656539003     0.372720440138889     1.122449744256073
9960000382     0.328849713982840     0.182065648781755     0.088894680779768
9960000383     0.867940678947842     0.667059196572046     0.404800795624015
9960000384     0.259578404097711     0.388732612092006     1.081762902055330
9960000385     0.442518751546868     1.006951415535445     0.594284542588323
9960000386     0.413850205214929    -0.054970278707837     0.789126334270145
9960000387     0.291119303051174     0.137947751697671     0.026489057044127
9960000388     0.494422631751198     0.755005226755196     0.476765373631636
9960000389     0.727864183313020     0.928134249111067    -0.009061198442285
9960000390     0.505625350260162     0.399160949021042     0.561025420680014
9960000391     0.903848858271278     0.778429763082007     1.013328471447269
9960000392     0.580269211073885     0.736196925731753     0.940461300367312
9960000393     0.840701106989075     1.020160918655084     0.128722794819978
9960000394     0.885556800167806     0.475236177233362     1.013767649306665
9960000395     0.699847854123408     0.917581013928546     0.747986998791017
9960000396     1.088674832196319     0.538568581326981     0.999623418734101
9960000397     0.419642969591060     0.408832608466549     0.894723683625451
9960000398     0.840518771709610     0.296165457898835     0.519533894404621
9960000399     0.242350417858523     0.046793090985099     0.728734553754415
9960000400    -0.008266246767936    -0.183751308371011     1.264196480543450
9960000401     0.599689297137591     0.260066101598465     0.476174376148679
9960000402     0.397736029341721     0.161557080356768     0.953723002814968
9960000403     0.356706753977442     0.135809744529203     1.027292578279819
9960000404     0.866376928020364    -0.023260180878061     1.110705828445735
9960000405     0.063427958292742    -0.075758904544379     0.243740513101848
9960000406     0.434133219697518     0.282795676345131     1.169921331758824
9960000407     0.592279076958753     0.701564448968329     0.995612604805192
9960000408     0.337044522367122     0.775354385958588     0.455898647174312
9960000409    -0.017446898640028     0.392609757823469     0.314355101995715
9960000410     0.834304520948166     0.133808305435160     1.006940029464780
9960000411     0.053863503606548     0.532577542346553     0.158984908387745
9960000412     0.372918644888201     1.040061321926192    -0.087769065989370
9960000413     1.052975522074720     0.622449298113947     0.842591250232941
9960000414     0.411671892812254     0.618659821257959     0.648699381248928
9960000415     0.949561161353604     0.515929745597025     0.919477343517470
9960000416     0.062840282353589    -0.074990320302989     0.242776968624885
9960000417     0.047838168436185     0.709730842056389     1.088527003455430
9960000418     0.656875748770947    -0.155903593143796     1.019241223110577
9960000419     0.061431950464255     0.253507532066850     0.985722155766259
9960000420     0.682606200894230     0.018987970801447     0.448511318244608
9960000421     1.006580735191931     1.016087726035283    -0.225353901413987
9960000422     0.350341879068767     0.188803949933455     0.071244928756028
9960000423     0.649291368344490     0.378921804982617     0.942684907957821
9960000424     0.303577456597421     1.085509572400559     0.485178398667418
9960000425     0.075025270814579    -0.078871822179767     0.262242814300277
9960000426     0.324720815782637     0.974140638492671     0.940946344401221
9960000427     0.459831406242296     0.357017183059469     1.134762013862399
9960000428     1.026747612373173     0.483315665758046     1.033434084887630
9960000429     0.913247185703199     0.602405273472133     1.023806900926721
9960000430     0.961500469259516     0.529705199052921     0.960394591427139
9960000431     0.546512079283781     0.438625601214450     0.318980976861335
9960000432     0.606080680268517     0.702424491572498     0.155141272550442
9960000433     0.984658687219548     1.025908759494594     0.509381591288060
9960000434     0.789296870028574     1.141261551862019     1.272746860343764
9960000435     0.763105623930473     0.273442864740659     0.528268308160566
9960000436     0.568610693426006     0.668808030031387     0.971759884588880
9960000437     0.378443924363774    -0.022664577787700     1.160478284517366
9960000438     0.652483145890214     0.067913784774119     0.718582679266332
9960000439     0.852775852653602     0.819433169823873     0.026509149674521
9960000440     0.707475787384798     0.742649818837159     0.228079011950015
9960000441     0.567640517891422     0.256835548016481     0.491276815789819
9960000442     1.020249060728829     0.991617381796621     0.205977021337687
9960000443     0.027962168482746     0.041468399001829     0.460198301969461
9960000444    -0.028618333896324     0.756080218315532    -0.008998892884697
9960000445     0.861730328583121     0.963050052134303    -0.099565850554715
9960000446     0.245591341318118     0.358587389189878     0.384404075227609
9960000447     0.786925428145788     0.186934067572114     0.963976400774743
9960000448     0.575241521475452     0.669889986386214     0.950007398534530
9960000449     0.751725185226042     0.101210085578533     0.487422953008337
9960000450     0.083818370237776    -0.073389738019274     0.252490504735970
9960000451     0.957160870396451     0.041649209597740     0.253987705813515
9960000452     0.208084776829941     0.418197286689673     0.603992222896695
9960000453     0.884809230853869     0.657198545840322     0.612320498711296
9960000454     0.405582541061654     0.738625957675159    -0.018245256405899
9960000455    -0.028711032662900     0.467631949501092     1.071494283020280
9960000456     0.465545128729224    -0.175798797171578     1.234050049711132
9960000457     1.055489422094252     0.827085440961419     0.190544636044585
9960000458     0.023412276838694     1.069820942120853     0.806040979668710
9960000459     0.470720309134873     0.032319238362969     0.323932280053908
9960000460     0.006591908146808     0.688222186259491    -0.074060160702100
9960000461    -0.044498715569722    -0.147190993841935     1.281471633647236
9960000462     0.353166154563376     0.148078507709619    -0.151838361079187
9960000463     0.726956239058030     0.883427551813201     1.188692181452295
9960000464    -0.079817879826737     1.152002959091128    -0.132031120771571
9960000465     0.646100901039642    -0.030417313067969     0.632083702247081
9960000466     0.902281769936471     0.604193848594197     1.048761546360085
9960000467     0.668159572554872     0.165363564281513     0.917358921748354
9960000468     0.074719054678597     0.676365315374361     0.883012338602640
9960000469     0.202079651089943    -0.145876162581732    -0.042629135087381
9960000470     0.955325865559696     0.219111928577584     0.357399338643100
9960000471     0.799848954030391     0.369053412698966     0.323475910262673
9960000472     0.906261793660008     0.967479374082429     0.888854391771722
9960000473     1.055448963938902     0.739929160489905     0.012691768055564
9960000474     0.890286351507416     0.420693972591257     0.092294193528336
9960000475     0.957890071810882     0.530813767762811     1.048657754724989
9960000476     0.283735911789842     0.038292487050639     1.082961724698587
9960000477     0.595403594404382     0.739136736339709     0.909732639060233
9960000478     0.122652203119567     0.246817019538611    -0.292640318245302
9960000479     0.137667008444463     0.657682898189495     0.794787375733351
9960000480     0.996713078603695     0.933936918251840     0.185850533430115
9960000481     0.085406468411769     0.696414228918283     0.527737761274457
9960000482     0.262313574343030     0.209344357185393    -0.022553611977420
9960000483     0.682272165529985     0.377279192010220     0.257281294021796
9960000484     0.956033362309606     0.562812138713761     1.026075844898036
9960000485     0.788043301008939     0.349174744033114     0.764568484659634
9960000486     0.469147192659433     0.747315459075863     0.395572175243862
9960000487     0.258827067303034     0.328627092858717     1.071632621389909
9960000488     1.031797202955079     0.315738666267091    -0.026003002364524
9960000489     0.186104593925828     0.689753025637547     0.786076558052670
9960000490     0.642345722518788    -0.196679717748702     1.039079987865436
9960000491     0.609482401650881     0.695538201848269     0.954205076669850
9960000492     0.328194054204903     0.120194097631226     1.058926306840471
9960000493     0.735801322405687    -0.066974260467067     0.569348549866599
9960000494     0.372589196166779     0.129647692634702     0.547297668983021
9960000495     0.741042250222809    -0.074641410798888     0.162096299925795
9960000496     0.541191027736188     0.052248441315048     1.096203575139290
9960000497     0.600637767692892     0.673951003221736     0.943570828090337
9960000498     1.059618510214798     0.835729624918565     0.479712725711519
9960000499     0.331302094072178     0.222257715746698     1.236333703841969
9960000500     0.749869779244337     0.483959091652360     0.697892015586944
9960000501     0.180051435727453     0.102793209068002     0.421049549285970
9960000502     1.052723140371145    -0.024903026477740     0.000336996079630
9960000503     0.661991268221812     0.191997190106851     0.475418991710524
9960000504     0.853460530382827     0.959943048917035     0.130555695243092
9960000505     0.386106821635948     0.242357668936798     0.034630846616875
9960000506     0.894410918608429     0.394733642123258     0.971695872528464
9960000507     0.687667301647836     0.361439741728973     0.466117553848743
9960000508     0.790387378108512     0.756215803039609     0.831191457516663
9960000509     0.881423723019197     0.974299910594516     0.242272254354485
9960000510     0.356982499488295     0.330697580259299     1.149170911776920
9960000511     0.621119456618973     0.605709478801338     0.596286805408665
9960000512     0.608817596232515     0.728042564009187     0.974223060706513
9960000513     0.456559120414058     0.262604595748631    -0.066493191561540
9960000514     0.582674614204796     0.539738652011315     0.065064783815944
9960000515     0.705702189443344    -0.145637380654633     0.128164130203439
9960000516     0.546693624216635     0.308952955038751     0.356143831428455
9960000517     0.391860497677228     0.491449295614530     0.137755662771498
9960000518    -0.025809559208221     0.293668760355973     1.122955222071310
9960000519     0.809829527009403     0.914812258267407     1.211085793471774
9960000520     0.565334084942450     0.911493621192652     1.161772151879640
9960000521     0.669210836041666     0.235288222993720     0.420265222365173
9960000522     0.136786180302142     0.645715310431401     0.793245710619303
9960000523     0.156597258503872     0.634897986645980     0.766169044783393
9960000524     0.738522792169840     0.648837490426002     0.624950033723057
9960000525     0.643026203971799     0.663380131800861    -0.290483307062385
9960000526     0.743652403194976     0.881493274303838    -0.126147291181198
9960000527     0.611661363034187     0.072067121137504     0.809126600569936
9960000528     0.901631953929484     0.456894642009509    -0.073727648339135
9960000529     0.153432007263356     0.647632053045193     0.802537948653272
9960000530    -0.047596582209623     1.044107121322722     1.107274886337935
9960000531     0.887954203381099     0.286149798929699     0.432414415857940
9960000532     0.629721849694206     0.438793082658850     0.492824690871675
9960000533     1.093419318263160     0.699650685094999     0.286419395915463
9960000534     0.153663424262191     0.649315068090786     0.784272853924536
9960000535     0.457747422833079     0.971306270518131     0.462810845538379
9960000536     0.619650275405120     0.678439619183034     0.609413116384513
9960000537     0.483931385463814     0.115443232436900     0.788203851736105
9960000538     1.041461463448504     0.216988416119185     0.325073635709660
9960000539     0.985476890425326     0.558351833750522     1.036360595494299
9960000540     0.338883256091843     1.127865063397991     0.935456639615788
9960000541     0.474910459196352     0.661034061846206     0.261318406275509
9960000542     0.132261368905071     0.912144791012649     0.702624799724053
9960000543     0.650528140249595     0.953865392132081     0.785502547480279
9960000544     0.081188084946515     0.379376891642980     0.901016596903096
9960000545     0.943153056292724    -0.158957787835929     0.265294242008127
9960000546     1.009189081631037     0.744581977928640    -0.037473051028225
9960000547     0.071714175453052    -0.077556008291016     1.115175570020767
9960000548     0.315606265479173     0.371621052941522     0.113479131176749
9960000549     0.060537582578182    -0.071546346010619     0.218094465924853
9960000550     0.657689888424191     0.404224833660481     0.417883574716784
9960000551     0.666431525678631     0.762600217774849     0.685475717269079
9960000552     0.062208950752628    -0.095515767261434     0.253306934497554
9960000553     0.377340531440169     0.806914872796157     1.229680901172490
9960000554     0.730846107766098     0.542287039520975     0.424432236267128
9960000555     0.601702402030188     0.899660222648368     1.003143834825901
9960000556     0.244069833984717     0.049524681826511     1.233860215521059
9960000557     0.929661366209005     0.550287315882118     1.030238211976919
9960000558     0.229999629953302     0.864393603778322     0.680732856682703
9960000559     0.232783548597476     0.121209092126429    -0.067784967409916
9960000560     0.800137232528324     0.082886010752179    -0.154983777183719
9960000561     0.062059811244685    -0.096333699242552     0.241466622470669
9960000562     1.040314960283254     0.471839999424491     0.873051473526824
9960000563     0.236748270071492     0.453751797278558     0.843374963271328
9960000564     0.521160803228214     1.003835861714380     0.700952431063102
9960000565     0.519168593048020     0.898709874380907     0.623652849784117
9960000566     0.441299229416776     0.115326804106445     1.065331687896747
9960000567     0.157079540939407     0.620163703015841     0.790102463087318
9960000568     0.472122496839988     0.375743562805821     0.604869127878892
9960000569     0.578466745552443     0.549612615068046     0.796534427960333
9960000570     0.242112878985573     0.836114995661286     0.658123105558659
9960000571     0.054179684160647    -0.112526719815897     0.251712197724792
9960000572     0.730631465597175     0.360791806111851     0.452612624813022
9960000573     0.184312890281599     0.092806620015524     0.519757114579071
9960000574     0.314811739831066     0.118372351336990     0.342489203584475
9960000575     0.947004649656920     0.534924421011925     1.001024466019245
9960000576     0.819662098696524     0.972568062184587     0.720720867529489
9960000577     0.558737053134018     0.695580803116007     0.957706507528627
9960000578     0.929682019963796     0.104277867745188    -0.116534030774810
9960000579     0.417677167112638     0.712220712438895     0.618170331338606
9960000580     0.661514127549216     0.436874730107008     0.499760115843627
9960000581     0.078651172678619    -0.083285636152530     0.263776975602028
9960000582     0.476058463155181     0.171083526058228     1.025770837861746
9960000583     0.460991313756021     0.640463976950475     0.406501223231504
9960000584    -0.008837609968003    -0.192936655156860     0.533596554921278
9960000585     0.770404805018457     0.263106484724174     0.478737732960841
9960000586     1.045703346606959     0.059996677496679    -0.217132797833435
9960000587     0.558459045609322     0.444028306881383     0.421199892997036
9960000588     0.503746968932526     0.555787964949004     0.467383608830063
9960000589     0.675081210786874     1.094057885896033     0.239589404182545
9960000590     0.655023994226790     0.926152201695843     0.483855583077268
9960000591     0.956486783291603     0.719916907972957    -0.261434840838900
9960000592    -0.027763116163277     0.744068820986652     1.276904814853751
9960000593     0.130804586069957     0.594691534668068     0.711162447173184
9960000594     0.617012844843845     0.080827370884677     0.475945511271104
9960000595     0.103321914254142     0.171134438674651     0.770782394041420
9960000596     0.873234796039629     0.453949596043237     0.929429867251495
9960000597     0.403817325883526     1.041162868785807    -0.056774617326335
9960000598     0.402664755258109     0.622955445546196     0.683621717378439
9960000599     0.512651749456458     0.262775167202014     0.688825892093340
9960000600     1.015610612260757     0.518923197722265     1.030307518154661
9960000601     0.981730825802482     0.954832185992247    -0.282350443809198
9960000602     0.957179362297619     0.552631812932499     1.071559609154065
9960000603     0.879065208750223     0.209311243148387     0.955040303297440
9960000604     0.296899831485628     0.052303915427114     0.641652615971841
9960000605     0.765437880169795    -0.074595960626492     0.850543127416569
9960000606     0.090744581369353    -0.085988571768897     0.258873243932987
9960000607     0.990760785578911     0.299535972615278     0.677712409551918
9960000608     0.287236975485943     0.757587473875543     1.180612466466556
9960000609     0.743331834850325    -0.091500979439069     0.704606579875799
9960000610     0.736109946148038     0.607895818314432     0.373199862069105
9960000611     0.529483594413785     0.775557119133463     0.285675395732321
9960000612     0.739527089933429    -0.081511819210857     0.847465988449765
9960000613     0.240164906556829     0.854160042396248     1.198881749952716
9960000614     0.476783344440790     0.740679564753029     0.681262742874239
9960000615     0.773473708613231     0.483686529653424     1.181475482343264
9960000616     0.651355493071210     1.020731835486743     0.757823999424758
9960000617     0.778834687462594     1.097086392786432     0.128811143831351
9960000618     0.602348119134697    -0.190423882935657     0.461858154053554
9960000619     0.964152120110266     0.494616737752665     1.049152616761298
9960000620     0.433300095434917     0.041343232239738     0.529915657092719
9960000621     0.571108226343372     0.624586926668245     0.399769144890891
9960000622     0.900063295039002     0.034250742916519     0.855895353539466
9960000623     0.652520864154922     0.025651594031381     1.071517986549475
9960000624     0.861376568158881     0.780788331114756     1.056355090851321
9960000625     0.994924453812276     0.563755781730618     1.050979964586814
9960000626     0.213679777114246     0.619926769185669     0.023010596095865
9960000627     0.339650441446699     0.863265051178169     0.599477378982771
9960000628     0.570380966589192     0.692510317515369     0.965200079065829
9960000629     0.238239895723575     0.925026004905213     0.592771085139600
9960000630     0.541686263730788     0.558710174882471     1.119108697388158
9960000631     0.993111186581989     0.516792254879613     1.006414996158879
9960000632     0.166561853408299     0.324488392639418    -0.151710036166939
9960000633     0.346553056315364    -0.157112193922648    -0.065842732298155
9960000634     0.762907223209511     1.017438754520443     0.958210306470119
9960000635     0.297262879546971     0.654758784168854     0.177061260787863
9960000636     0.589908258871530     0.200311846320016     0.247094806211001
9960000637     1.095656708654029     1.144648339068816    -0.104231699385008
9960000638     0.149078564177358    -0.110659439157325     0.689625553743379
9960000639     0.925504700326345     0.719888220689934     0.754690324577019
9960000640     0.297736588732787     0.084982185982662    -0.119489980696573
9960000641     0.203896541605258     0.352989730045157     1.218530868132427
9960000642     0.112408613509738     0.474780143606768     0.017223283293237
9960000643     0.318359979226605     0.087494823287857     0.654641537338829
9960000644     0.522092364783420     0.550456094926449    -0.217748733679941
9960000645     0.378090145323747    -0.108396443103257     0.535865115277180
9960000646     0.283785329725483     0.228665884849465    -0.238716845858711
9960000647     0.476288661931026     0.526686622126784     0.380375945535908
9960000648     0.709216770740226     0.306584539942900     0.436925162407776
9960000649     0.393209103114697     0.099178555626588     0.238716931843360
9960000650     0.898752228145872     0.270748893463106     0.778732329551926
9960000651     0.062216092957192    -0.108468360710156     0.253866794556644
9960000652     0.803156382992816     0.649960689958743     1.014033354059208
9960000653     0.007796238923079     0.019989575781232     0.660176586372140
9960000654     0.512767220891047     0.415949725226155     0.673086973332640
9960000655     0.921667440036090     0.716072854118051     0.189382334068687
9960000656     0.377128381980828     0.009728396466129     0.673894945729128
9960000657     0.634470593880239     0.656043713274056     0.578673712918580
9960000658     1.003988950752877     0.528733751068642     1.061562260520847
9960000659     0.773390796228214     1.155658985373911    -0.299296239305710
9960000660     0.692945839186162     0.644268907210295     0.003097549307992
9960000661     0.656983733973161    -0.080014680567478     1.207508699381744
9960000662     0.138585137481058     0.650323588212418     0.763932255067537
9960000663     0.984387382338285     0.530435486434423     1.084701988064997
9960000664     0.559616102151480     0.671909460149526     0.940366286502279
9960000665     0.972918044427250     0.529725264256320     1.032674198734773
9960000666     0.261058571561412     0.070295208093934     0.644859394639658
9960000667     0.283229047860949     0.195174792698641     0.025002468797874
9960000668     0.118857074848306     0.623318375175903     0.775573560932320
9960000669     0.735867768998217     0.502273569995598     0.702332821168201
9960000670     0.153174516272261    -0.019112703372694     0.250306244241804
9960000671     0.613860215496839    -0.049701841875309     0.067997926724156
9960000672     0.047125753843498    -0.075159288489146     0.240004303652253
9960000673     0.004187352873329     0.924523535760557     0.614453651809738
9960000674     0.829619506775636     0.941112280174180     0.883042825057636
9960000675     0.141239709777760     0.664866491169775     0.770251518141196
9960000676     0.290154545635631     0.085494095509761     0.659799361605748
9960000677     0.716980607193236     0.645774183546718     0.414747886192672
9960000678     1.027878265012607     1.139516263820065     0.614191606793039
9960000679     0.361069052715871    -0.020888912115253     0.849712302884489
9960000680     0.330434133615148     0.108646430460584    -0.116537319470289
9960000681     0.315090000576477     0.265834191260508     0.462842650791782
9960000682     0.807095350196408     0.011829893759630    -0.117826655517590
9960000683     0.814543978115278     0.411694986449141     0.523270905635095
9960000684     0.019418678070480     0.729518094459421     0.701773033361900
9960000685     0.942075832768151     0.340845078243828     0.308125257282262
9960000686     0.565247064301654     0.668337186687840     0.221456514115815
9960000687     0.144951158615956     0.669847286681657     0.775409243975890
9960000688     0.913326724530746     0.693898043980013     0.654727931344371
9960000689     0.074768911423005    -0.088989054828592     0.230623994159227
9960000690     0.473871971323757     0.533804177787560     0.573234605003562
9960000691     0.364786311939070     0.170118877575464     0.026094130322108
9960000692     0.947314145795654     1.099178332693266     0.262538530156795
9960000693     0.683238710610712     0.409231857218697     0.625247086717785
9960000694     0.569879765301647     0.354439417156799     0.589138221916053
9960000695     0.744959182506556     0.076961498569476     0.513602773081082
9960000696     0.948806662186918     0.896177081344853     0.726703232078843
9960000697     0.945509510749145     0.943797911564600     0.441689896148096
9960000698     0.215550892668637     0.955514317117652     0.217709704045684
9960000699     0.965155078252802     0.238497119529421    -0.042905054448391
9960000700     0.215840058369996     0.816916595686641     0.563160572990120
9960000701     0.348349208918740     1.036175684703452     0.849727045362729
9960000702     0.076627608996995    -0.093441244163068     0.244661238841592
9960000703     0.443103723642447     0.057229317864764     0.921007567387092
9960000704     0.973859680095312     0.749297163297443     0.231550517228136
9960000705     0.488006994601262     0.110587956568441     0.722598598947176
9960000706     0.413917167071919     0.605118820600224     0.521691761289664
9960000707    -0.048454599884751     0.517156598972456     0.104181492450583
9960000708     0.564054265468809     0.670096565445631     0.959361222717142
9960000709     0.934348677269206     0.572720983734201     1.066786947159696
9960000710     0.666376472273884     0.372284530599359     0.965795581911792
9960000711     0.689716288530188     0.401683872649012     0.787744442857878
9960000712     0.593990193710859     0.661492395142558     0.952899917458156
9960000713     0.327712515941882    -0.043943254498195     0.529134977732385
9960000714     0.530672955418816     0.154432998094120     0.892586748386291
9960000715     0.895017680139285     1.077380120148061     0.887877170603705
9960000716    -0.013235974647852     0.460525978684863     0.697024661883885
9960000717     0.375672937724480    -0.081518576049978     0.783063888744043
9960000718     0.713813317905135    -0.129200611033156     0.964763599552320
9960000719     1.092023944395870     0.246659843145706     0.759874210479577
9960000720     0.793318767992330    -0.139965138925385     0.740462897516157
9960000721     0.405302490587428     0.134340833718150     1.013294939185816
9960000722     0.801685841243442     0.371547653182146     0.490047629773042
9960000723     0.594733726195895     0.736585156865858     1.000302188953799
9960000724     0.483644601274446    -0.192695862435220     0.754612972816126
9960000725     0.411693472606156     0.879612420334310     0.696575814549302
9960000726     0.662226613890756     0.273949679298490     0.567367845217746
9960000727     0.633602787573398     0.468014847728784     0.398945749058188
9960000728     0.359699269705683     0.192805871436361     1.015008771925919
9960000729     0.672282485495366     0.174665544047057     1.056053742383749
9960000730     0.789106151325078     0.565900661068021     0.298174629768874
9960000731     0.920803633952620     0.010477093673182     0.616758571922309
9960000732     0.807970961604871     0.466730023420584     0.867511034128779
9960000733     0.717886960169772     0.345369690164564     0.214670509942743
9960000734     1.045688326454787     0.194402951821383     0.736705604347043
9960000735     0.316434427903845     0.865140052249363     1.228286439681876
9960000736     0.939014867786357     0.807254502593018     0.262245555298745
9960000737     0.144244796240783     0.655039387726051     0.736874281633973
9960000738     0.557791359829887     0.729907799412507     0.686807880219337
9960000739     1.063860507747362     0.182745972622217     1.243373773053597
9960000740     1.000303261387173     0.364696368278398     0.808159069226588
9960000741     0.913852122802918     0.550817643245367     1.008602557189615
9960000742     0.208995618853225    -0.176804205604143     0.232814652993445
9960000743     1.055790588022385     1.045828524886023     0.128670358221115
9960000744     0.697655407492484     0.970635575193860     0.244410077132054
9960000745     0.265619599867983     0.006791861396923     0.830190391975825
9960000746     0.922893736414407     0.597044750185709     0.466284529162511
9960000747    -0.095167544837028     0.795710080786829    -0.099373898230789
9960000748     0.515372310157178     0.172319687108623     1.285222519726352
9960000749     0.750204377233149     0.532378731194280     0.823962853906869
9960000750     0.873623308727643     0.339730661382884     0.353194254895327
9960000751     1.038017832215715     0.182989767738956     0.226691588907416
9960000752     0.439334478185415     0.493288803693120     0.691250356660018
9960000753     0.076247318225169     0.565427130067477     0.380968806807054
9960000754     0.255504424174960     0.032170370926554     0.646426530824886
9960000755     0.232729207436062     0.830018825909910     0.200676304262061
9960000756     0.546768485108378     0.839739501124286     0.644023133107005
9960000757     0.935755055543116     0.534709624171916     1.065047118126812
9960000758     0.846101419097739     0.481344960600719     0.966638574398047
9960000759     0.978746892750890     0.509029257504741     0.245202906938394
9960000760     0.284223573728483    -0.130737544961980     0.304108463312614
9960000761     0.962438010388885     0.519319138496090     1.028557730479942
9960000762     0.061341527656849    -0.084754166135359     0.251336874098954
9960000763     0.339426670481052     0.116686268152537     1.049048444912586
9960000764     0.027732069332234     1.076733565832610     0.853520058179660
9960000765     0.146642300329704     0.124498900401623     1.187352567251209
9960000766     0.447059578166477     0.770959844810070    -0.128177832718380
9960000767     0.671475719044586     0.984143923704238     0.057890897709994
9960000768     0.622204292077171     0.263979154734490     0.456031425987976
9960000769     0.551155341640857     0.606951206244104     1.066270242327726
9960000770     0.544172002979558     0.650939523935635     0.922731498304103
9960000771     0.261168585365542     1.068136149771079     0.208717260190194
9960000772     0.146184293204911     0.577838191499767     0.794735648114936
9960000773     0.864665814955580     0.524068550736805     1.055664669999016
9960000774     0.995750751990183     0.965743437584540     0.717140171292000
9960000775     0.176733644350640     0.907293524975393     0.758306828286935
9960000776     0.443512535898300     0.565690929444510     0.696165782169019
9960000777     0.673112335425112     0.058337742557633     0.059424456496084
9960000778     0.886202226777889     0.557709498426502     1.047817264361945
9960000779     0.757381526071399     0.312828391718818     0.405430543772307
9960000780     0.326627736562278    -0.050765285723386     0.849356162233802
9960000781     0.156632970238758     0.636339057994440     0.773124277902153
9960000782     0.264237063734235     0.224601467378228     0.684388863966627
9960000783     0.586567170924602     0.725014999627788     0.935696061142573
9960000784     0.031632416387841     0.158769673845937     0.127978481657989
9960000785     0.138721217850392     0.620699051593677     0.836891731230239
9960000786     0.663702753823646     0.350219585066273     0.783459465143900
9960000787     0.135516309782140     0.684732848259093     0.815781122601458
9960000788     0.734791662470266     0.145145635399760     0.508635502440363
9960000789     0.428872691743428     0.053224314737996    -0.247604243250476
9960000790     0.295132504624701     0.042872326220284    -0.012192319703283
9960000791     0.039515762466509     0.925462660746411     1.111346919814606
9960000792    -0.055416415165312     0.676888388117570    -0.237723410010375
9960000793     0.795898671873180     0.745114236301460     0.209550152873633
9960000794     0.328061910889147     0.013046251050641     0.531786748245328
9960000795     0.559744085659101     0.569357091163752     1.076781847750791
9960000796     0.196949941776782     0.828679481963835     0.259617348208399
9960000797     0.781341773594478     0.463797111983790    -0.244587989549885
9960000798    -0.056106805607277     0.910427901470645     0.924070524553247
9960000799     0.637211962729841     0.765436468893527     0.098149376867749
9960000800     0.555954393257848     0.677743180416088     0.922600007911471
9960000801     0.338994967181824    -0.005808265118509     0.689833282863604
9960000802     0.603632026298530     0.694801309106564     0.978226996717610
9960000803     0.637662565595336     0.021223512274964     0.347212034435590
9960000804     0.623935125816066     0.697517309182251     0.905653698882250
9960000805     0.140273643176266     0.656550284227083     0.786578009618808
9960000806     1.060533874860879     0.857500742389684    -0.263651485706927
9960000807     0.080189182727531    -0.094987155917856     0.253240763998120
9960000808     0.787792151914789     0.518872250883228     0.178118621194571
9960000809     0.151757548027990     0.623495669039030     0.779713304857986
9960000810     0.556564841769669     0.417888519727639     1.034727269262549
9960000811     0.701022946472991     0.915238708592086     0.228944946764891
9960000812     0.684909255009032     0.387898738260135     0.545348282874100
9960000813     0.083215499320874    -0.099801401394541     0.266613270924148
9960000814     0.660333796171439     0.260654832222867     0.434289511401573
9960000815     0.657530322600667     0.426646382255884     0.731831052735505
9960000816     0.414277452566845     0.219314821956475     0.995231070961765
9960000817     0.142983835288744     0.025512921466406     0.450054468530342
9960000818     0.815125414555488     0.978133764183072     1.019455814716382
9960000819     0.942693262898135     0.097173412334219     1.202849541718327
9960000820     0.504421915228747     0.851857597869007     0.871316725130581
9960000821     0.416398715100061     0.695517282185336     1.018585808331990
9960000822     0.850101054259086     0.501141923366794    -0.298747880171467
9960000823     0.439630737202748     1.006974965052162     0.390454990592131
9960000824     0.747774699890855     0.972656384202942    -0.132572155912354
9960000825     0.751722858974861    -0.049736066852832     0.717283949978515
9960000826     0.346383505611630     0.546495623177478     1.147224700125531
9960000827     0.154020301533217     0.055933874447596     0.764869340783480
9960000828     0.118576665827710     0.637563062168873     0.803461399378304
9960000829     0.570378061271620     0.684683660611883     0.940999866259866
9960000830     0.017304052721273     0.768565770678338     0.918040287349618
9960000831     0.972790557818359     0.588216721104534     0.053670863160653
9960000832     0.309796316302624    -0.013864959170649     0.694304448591398
9960000833     0.314384260457053     1.081338866115932     0.040545076744898
9960000834     0.325925383492904     0.158048282288175    -0.025042471087945
9960000835     0.047890421505605    -0.107630062271968     0.240614680170439
9960000836     0.284306489812520     0.961523128684390    -0.246301044419928
9960000837     0.988764329831922     0.529817244735655     1.015535270192461
9960000838    -0.067525162353596     0.045546241131519     0.442601660728114
9960000839     0.100907008693406     1.002564088452951     0.427985521339360
9960000840     0.759040888220665     0.326031964868816     0.348263497790384
9960000841     0.996538432089757     0.559041523611388     1.049597721068433
9960000842     0.944433338546490     0.580629916220769     0.215718854668417
9960000843     1.067230428113315     0.587646933863628     0.286514805467970
9960000844     0.058920720389860    -0.075008460024402     0.239810300374674
9960000845     0.933764499567200     0.545753614870539     0.526371910939649
9960000846     0.558007069644768     0.781934804863662     0.670415193743680
9960000847    -0.097877520242982     0.646752822308976     0.524942830242507
9960000848    -0.092458659728967     0.181038667529799     0.854062642917141
9960000849     0.608588911396205     0.511882355762813     0.584614766141273
9960000850     1.018628940378328     0.552354718662628     0.971005701452757
9960000851     0.921445481600907     0.320736243862455     0.471509267459055
9960000852     0.719091023203364     0.551367745869181     0.295951589604259
9960000853     0.224094355246120     0.599553270955635     1.025537347259566
9960000854     0.517231654711660     0.264363576684907     0.368484666129229
9960000855     0.416577539505754     1.189443789235629     0.065485184604202
9960000856     0.088529767345659     0.155176818460731     1.067610746673670
9960000857     0.713342461275686     0.132921603189988     0.524249675842209
9960000858     0.293562399854579     0.099404363758209     0.857161953383446
9960000859     0.192608733236701     1.087146119295487     0.346356557556394
9960000860     0.194933188958008     0.364973541052130     1.102933765219691
9960000861     0.078494610713960    -0.089749403135139     0.230889263327625
9960000862     0.595746218636589     0.685336825101375     0.947381477143882
9960000863     0.792402625116946     0.757420191989977     0.108744435942009
9960000864     0.961088265158121     0.080413405910276     0.472185617518361
9960000865     0.278489523649479     0.626617559102524     0.999456253269647
9960000866     0.794352915792263     0.779136688085469     0.477361946620665
9960000867     0.384652482921022     0.088519122769175     1.178381259788154
9960000868     0.196962543206801     1.137597172311349    -0.288123694399668
9960000869     0.888912510288402     0.508050869631508     0.988047528946702
9960000870     1.009302857534146     0.594650925319645     0.485840863202186
9960000871     0.873130014811839     0.103256534379148     0.408687117327338
9960000872     0.615038019093524     0.261510083874403     0.211975219889886
9960000873     0.107821080085406     1.134665770788196     0.802742136464618
9960000874     0.833250877689713     0.954551580007419     0.737662038206559
9960000875     0.150062535730518     0.131327658763910     0.891137973586526
9960000876     0.567469013180877     0.927970628417360     1.186842188755123
9960000877     0.994460313016584     0.503257914768632     1.064927315765155
9960000878     0.785591960472887     0.522979463355390     0.875812575962159
9960000879     0.525874364134202     0.586046625227819     0.587483811804783
9960000880    -0.028848409313218     1.098145211084348     0.675110238857797
9960000881     1.083071267842599     1.043979344308794     0.813244700004959
9960000882     0.353703426771590     0.845051294096319     0.935410511463582
9960000883     0.381700907900259     0.154651221508152    -0.010006793994055
9960000884     0.716228339468396     0.583256623753505     0.060381148532820
9960000885     0.159850445504242     0.660259261481183     0.782174223851193
9960000886     0.947283217230091     0.544738384850126     1.020135614995162
9960000887     0.274368942174721    -0.130102955833354     0.639862105653713
9960000888     1.063218245409670     0.835694605518239     0.175534530077096
9960000889     0.512471345394832    -0.098167566860677     0.752153937794299
9960000890     0.530244973112699     0.672195872839352     0.623276630722291
9960000891     0.646179939855655     0.348952024894239     1.213930700138734
9960000892     0.626884743823250     0.362553118801273     1.197719706380892
9960000893     0.325716559864296     1.093065305469889     1.138929932204863
9960000894     0.433877492866540     0.031131844615912     0.953216483128992
9960000895     0.813168681548218    -0.138977929960660     0.055932203246807
9960000896     0.497169083628378     0.250906089373054     0.585725170641500
9960000897    -0.044487642671178    -0.024310170342081     0.010944976104662
9960000898     0.343006179366071    -0.017257611004259     0.490223767841019
9960000899     0.998612390559725     0.990980106950498     0.344120943062114
9960000900     0.776403697118722     0.592601913220235    -0.100053858119268
9960000901     0.222197979393638     0.044011582712515     0.564660112334290
9960000902     0.784415182356188    -0.006234779242388     0.743716772023271
9960000903     0.131657494466545     1.131074048598897     1.072173495644297
9960000904     0.073584005810812    -0.107558977422409     0.223236802948820
9960000905     0.982847118012950     0.500258541390615     1.046724476399641
9960000906     0.010229688556808     0.816509014322390     1.014995398906668
9960000907     0.920158768498248     0.496305160064031     0.319279133099476
9960000908     0.470169802785413     0.245200517681148     1.064592323743725
9960000909     0.184286583892360     0.964741508508912     0.569187288473355
9960000910     0.971426407180193     0.527909640209510     0.996693505222732
9960000911     0.288205706661383     0.111297279159139     0.863547941647472
9960000912     0.607618072844192     0.691828520545973     0.972884134225195
9960000913     0.856334444427265     0.345821742321802     1.070194384011457
9960000914     0.041376380590714     0.298551824936437     0.700211329350586
9960000915     0.762050581546297     0.730771865465040     1.217299624311150
9960000916     0.761118090825992    -0.066305985253747     0.272819492270270
9960000917     1.056417659621085     0.763014089116902     0.915566567057180
9960000918     0.567690877615436     0.705166795036472     0.921450594613707
9960000919     0.604814962332703     0.467361973939043     1.103915128034902
9960000920     0.560443739251116     0.713240383328872     0.935818729961589
9960000921     0.860952609506329     0.291818780500763     0.402096452963028
9960000922     0.326875494107576     0.064403293033910     0.547705428534362
9960000923     0.156462199245261     0.677696074622944     0.748052101448097
9960000924     0.525483428979824     0.056336106727784     0.907046258488339
9960000925     1.048913101067464     1.071606036329665     0.037220317896580
9960000926     0.683285801178987    -0.171714369686673     0.582354091503165
9960000927     0.643516905805198     0.780824523891155     0.651157761947727
9960000928     0.480752107225132     0.908679210617867     0.925838671595037
9960000929     0.542067065563867     0.090052478335471     0.570248486819041
9960000930     0.834968234663696     0.438082865099909     1.114543298894485
9960000931     0.843561990850907     0.321027983568950     0.961230697916592
9960000932     0.477216865077306     0.130974490542450     0.970481793966288
9960000933     0.811183742490119     0.308729757869902     0.384665932421609
9960000934     0.314694203128648     0.097630991132789     0.091788679495137
9960000935    -0.075244827253599     1.165067576445820     0.745164338672711
9960000936     0.061693256763866    -0.074973947161514     0.598787914320430
9960000937     0.653890403420984     1.055670394589110     0.772443959020156
9960000938    -0.091232341485779    -0.066248330146518     1.195243128350646
9960000939     0.603013047524320     0.414824227486254     0.220374883562724
9960000940     0.835300100953329     0.173754932473316     0.393175371122599
9960000941     0.051826895734347    -0.092143504148822     0.250320767925467
9960000942     0.600357986856131     0.669474282600454     0.969959404562642
9960000943     0.083323654298745     0.952475356683377     0.675895520249760
9960000944     0.719569197798941     0.700416638284463     0.774902526306225
9960000945     0.594883228800392     0.214235768385548     0.753091456915710
9960000946     0.584770348695856     0.741086902621676     0.958488310001351
9960000947     0.584231274655830    -0.056037881206399     0.848403540325385
9960000948     0.609485881220559     0.511857052731754     1.000125135812831
9960000949     0.528040942702727    -0.169106986266651     1.276089941096303
9960000950     0.372473962351038     1.042247586433386     0.395296424295790
9960000951     0.533024128487913     1.041256261303994     0.072561808748058
9960000952     0.555599345910547    -0.114603512356902     0.809508743419560
9960000953     0.746230765939919     1.069124437941967     0.258238456329413
9960000954     0.640079922989044     1.002145541236691    -0.097433443023091
9960000955     0.835337174871198    -0.190441954522031     0.758884684672307
9960000956     0.362629829344540     0.514665944547322     0.349736074911016
9960000957     1.070195298178043     0.882716327824932     0.790913383618327
9960000958     0.589386410975667     0.050538570329095     0.586078834878238
9960000959     0.578927670410366    -0.022465660595106     0.613748516286476
9960000960     0.411279364146847     0.007551850664907     0.018124704035160
9960000961     0.804319570785658     0.805514130739126     0.726788222857501
9960000962     1.048887746502124     1.089611756607548     0.446514093091299
9960000963     0.283357450211201     0.090063875459281     1.258397909052579
9960000964     0.470472294577543     0.204567367883487     0.910491766452015
9960000965     0.760349140168147     0.678598232870344     0.558111374943019
9960000966     0.324579013276270     0.436553542549890    -0.021091495448451
9960000967     0.563191428734436     0.699559412367343     0.943576501980636
9960000968     0.869028883907268    -0.156267362621123    -0.295412314851121
9960000969     0.645831758770823     1.012723919231049     0.555285639456856
9960000970     0.961380943155350     0.645794353554784     0.879075501579115
9960000971     0.942827953521800     0.155673107489275     0.309025493808796
9960000972     0.295104223483364    -0.007635772084538     0.487875374297384
9960000973     0.309421601792705     0.817754988237209     0.353393442392605
9960000974     0.904093840121205     0.239186365231440     0.281407559823188
9960000975     0.140505071816417     0.640253155982249     0.806481138395208
9960000976     0.164043880777225     0.656743126042388     0.759262767609599
9960000977     0.990678688800046     0.495981965980146     1.009818428321940
9960000978     0.480896961271182     0.360015907937628     1.175254469514209
9960000979     0.528458162813296     0.052870974588165     1.091123772441723
9960000980     0.864383522207163     1.085824320817379     0.514862037103158
9960000981     0.023715953270714     0.353843292426413     0.246764518777743
9960000982     0.165535179140408     0.634452383262347     0.773655414754231
9960000983    -0.059420301663892     1.192415343996655     0.623178266284017
9960000984     0.664574772561293    -0.133756034780836     0.511278713747837
9960000985     1.056812417932809     0.285631220708671     1.033402213450389
9960000986     0.600593534764880     0.684303801101930     0.903570750249710
9960000987     0.220130548105430     0.115452748631030     0.732366459582077
9960000988     0.501752328013290     0.761170759912804     0.516615436763236
9960000989     0.800426943243109     0.083713005443799     0.513172983076174
9960000990     0.174247546257251     0.851014986387731     1.198661229590960
9960000991     1.075789268251309    -0.058922486435276     0.066697712167553
9960000992     0.163173144475033    -0.089137022702598     0.865721985893871
9960000993     0.806818487008485     0.810612467254217     0.490558474636661
9960000994     0.292868044587672     0.118953233199692     0.894438350675303
9960000995     0.795954111431399     0.130081400302559     0.457668981096087
9960000996     0.962555631548286    -0.003633787430924    -0.074232792752966
9960000997     0.955619586055186     0.558769425645435     0.934126480191523
9960000998     0.141079975204175     0.937147568831341     0.707454095707724
9960000999     0.346405222939394     0.336750926006771     1.186193002442511
9960001000     0.827563307150504     0.211811692724080     0.965166474490652
