**********     0.581958514310017     0.721012070971912     0.969340800638909
**********     0.894311653342892     0.362959381772622     0.447525875055031
**********     0.801764746129759    -0.037432986085003     0.616920226031658
**********     0.685972022762050     0.346682617807508     0.388596076566438
**********     0.716828344699755     0.953058553466271     0.275551802793093
**********     0.113409634455520     0.650904956466510     0.795307752225612
**********     0.125403635891284     0.282295887808867     0.536048262306441
**********     0.557423971027644     0.471666844065517    -0.075744827399948
**********     0.557737407222913     0.697674485265454     0.934642682004449
**********     0.353073045000338     0.840096980459301    -0.000038855084620
**********     0.365097200160163     0.064303244181215     0.803032451425231
**********     0.917743884976928     0.511031364415407     1.053121975297833
**********     0.611690106538799    -0.057994883330587     0.263765671436273
**********     0.302634020138993     0.128243106378537     0.582824268573478
**********     0.081476341086092    -0.081441044568343     0.254356239368925
**********     0.215515917131347     0.171118646047877     0.695713635314776
**********     0.783198019723157     0.920994423326059     0.874636454168672
**********     1.057457840447112     0.734860938002866     0.620091977323446
**********     0.399678097819963    -0.069886698156242     0.666979815686637
**********     0.823353260393346     0.852015482105719    -0.053595639122381
**********     0.385019598109553     0.181970558843462     0.972807764765316
**********     0.041017812588993    -0.086943931448428     0.682638557321525
**********     0.073088291512717    -0.094942867862440     0.240671701493914
**********     0.909380197215352     0.938284247549807    -0.083295099817314
**********     0.337007589087319     0.233429248444724     0.658185842453762
**********     0.997300420086203     0.885297052107205    -0.042187607228066
**********     0.233604668470054     0.489097850044259     0.498433563218679
**********     0.548076085818448     0.543164558203212     0.141779299100598
**********     0.956863953469484     0.498605279512486     1.087651159190031
**********     0.866282477658073     0.358014504919500     0.868863382328752
**********     0.830501133584719     0.264830041249943     0.977642109309919
**********     1.040924248384834     0.256821473032772     1.189761602614479
**********     0.650433073368337     0.711709488237901     0.685873784835421
**********     0.106205738955298     1.102237637013399    -0.148555534068942
**********     0.336778609974053     0.204732355962350     1.044292823773865
**********     0.290184425690980    -0.002832053613656     0.517551532508345
**********     0.508450004388175     0.192277137869083     1.062599554844904
**********     0.683864208683834     0.361988464189802     0.400194770809771
**********     0.720638838269515     0.949750457190319     0.312163566625663
**********     0.670731518116068     0.845835594087798    -0.202881109122315
**********     0.045635399802504    -0.112562180185607     0.240592606181549
**********     0.434521189520965     0.133095578072753    -0.022820746641289
**********     0.952309785072436     0.216854966155596     0.360383804075692
**********     0.103389778308266     1.099188691922546     0.593381652109974
**********     0.294153555565246     0.187288420930804     1.119612752429017
**********     0.391816662229170    -0.015085024681142     0.741073327087771
**********     0.957951720403589     0.521511951874315     1.021754675476511
**********     0.417282853286129     1.197695624217424     0.661223945227896
**********     1.016010504539807     0.212117294054932     0.357432370881306
**********     0.276976087690015     0.636304907667287     0.303859548429376
**********     0.776598593624103     0.398127137464737     1.090809264104403
**********     0.561672944613601     0.693610231579229     0.959269969986270
**********     0.589455277674199     0.699675031963779     0.937934995517930
**********     0.480487308002296     0.584403179186598     0.490972229362419
**********     0.903310263903115     0.527602852160318     1.086864556356323
**********     0.487618072535854     0.600182926965312     0.463927328590701
**********     0.001221096610791     1.169370943003143     1.255518430304995
**********     0.462665161796168     0.004877557844184     0.707828173510445
**********     0.925005783996462     0.572492206135666     0.923224077999819
**********     0.337844221178207     0.047317332249464    -0.088427865145516
**********     0.849948573359425     0.707684837252920     0.527099090815761
**********     0.157505153807365     0.686006135079575     0.754011304216164
**********     1.003127473382012     0.594624249361318     0.064887592113727
**********     0.860981101335587     0.851473721431521     0.945416299961795
**********     0.415603683097456     1.062413876994146     0.273123628966674
**********     0.595276288859799     0.994829929460508     0.240230434522021
**********     0.067127854336406     0.235312268504044    -0.098859920223621
**********     0.471100826585045     0.298601181101608     0.741370452035987
**********     0.142635463593721     0.673974090114211     0.787898087698579
**********    -0.086901205264558    -0.072366915826691     0.533095867691294
**********     0.577994583841354     0.410599327227071     0.785051246066828
**********     0.687550161157884     0.110831205283717     0.377860929392511
**********     0.757091682066490     0.576685483304723     0.833730411502934
**********     0.047140875379058     0.952795892011139     1.003161192677280
**********     0.153432251125866     0.650884417354525     0.769699128652780
**********     0.565752614874500    -0.192772979373953     0.268096278808120
**********     0.616897341567053     0.132484530387761     1.118430970415301
**********     0.270569737473498    -0.063626835947382     0.572340592053408
**********     0.985174969323314     1.070275879275912    -0.095457091984321
**********     0.458651124170747     0.680565743054107    -0.289009734603029
**********     0.286123634488595     0.128944524106820     0.635434805958089
**********     1.064190799511527     0.914555412374863     0.079396712849517
**********     0.126914505128738     0.275536828462944    -0.057534804396719
**********     0.961441209699624     0.987040323068946     0.226189184913337
**********     0.183091373040884     1.124039749210231    -0.250521865543827
**********     0.496797753554918     0.426823699660235     1.028690313981039
**********     0.992485904153822     0.016698912894052    -0.124723675183977
**********     0.495048462592587     0.276531585042583     0.725527027080830
**********     0.402532335576081     0.254055970076598     1.185088340803174
**********     0.644579206763025    -0.056791808389737    -0.251817419284295
**********     0.840971598398640     0.612642452911058     1.018066564798137
**********     0.908293365493346     0.398957866526501     0.098766171849774
**********     0.446102614561662    -0.159773368588110     1.204288230297964
**********     0.569041647851299     0.895457216542110     0.832170379810329
**********     0.122623394221648     0.510158585485919     0.772293851620668
**********     0.905624122349880     0.496934960419712     1.019249633664554
**********     0.104371708362379     0.065805084047472     0.902851331658157
**********     0.741289118267933     0.240167238449144     0.493760186231854
**********     0.393918130941695     0.219898205771653     1.081728747578196
**********     0.930292280656212     0.507735037990610     1.060309363176168
**********     0.980021628458488     0.544482640026802     1.022767400090479
**********     0.883404477176955     1.036116626118115     0.555675518572686
**********     0.057316123822236     0.509315920021682     0.278327544602691
**********     0.081043639452518    -0.084745934588433     0.235680818578574
**********     0.539796870967910     0.085327812337485     1.179127900669299
**********     0.371004005713745     0.050313867489891    -0.051097227801835
**********     0.590436412375837     0.172919820472749     1.239832465123086
**********     0.831617634202281     1.121479293543543     0.200585150546501
**********     0.967387010174211     0.499947416778450     1.010487382785546
**********     0.725147976023502     0.781789112697451     1.143687515555097
**********     0.046238352526065    -0.093930399381064     0.246218565605814
**********     0.668140507220709     0.272030448549452     0.402795688176269
**********     0.155631359263850    -0.069161735893619     0.870444920534783
**********     0.389444304888556     0.651374469709934     0.196249088310730
**********     0.639433749630746     0.346541261724840     0.515217177657607
**********     0.684478824868268     0.650410296848818     0.636997488431287
**********     0.397976774191255     0.506121928915358     0.545272364693049
**********     0.237140574340521     0.010291895289397     0.710903274870173
**********     0.222940480729785     0.365895388409865     0.349823304096906
**********     0.795125689097796     0.665455596472194     0.660074211906669
**********     0.605964646196510     0.620115174740420     0.798248816024667
**********     0.813993381736769     0.205377675511727     0.493797389992707
**********     0.618496290021891     0.161308920537734     1.020256393869874
**********     0.139897802450530     0.686913760708904     0.778496791227925
**********     0.751314933199048     0.917612678041147     0.750579653440144
**********     0.650864577785554     0.023773895257797    -0.007213864858659
**********     0.374093088326376     0.900449425508859     0.191107034698657
**********     0.555481518728511     0.341080702467291     1.230235519641460
**********     0.111962798357529     0.639484600987322     0.068773829863025
**********     0.636606141670247     0.980603373886879     0.143993672792318
**********     0.662083722864660     0.015005360032138     1.236408162784435
**********     0.393381957363584     0.558830745377017     0.380380457946716
**********     0.551451468108385     0.133942933667443     1.157039338759354
**********     0.826395082427161     0.357685286135144     1.040205903309817
**********     0.921436415801855     0.755996609087483     0.169071988250215
**********     0.984574080134958     0.357552684771486     0.353498486123129
**********     0.058847156005804     0.266446844781572     0.507739555909214
**********     0.442838066437715     0.888836313892778     1.079949326004632
**********     0.609379325970650     0.257671640687463     0.284326179023573
**********     0.054012416351485     0.833053474802811     0.957640027346946
**********     0.038046774134014     0.830413936055312     0.494591315267521
**********     0.159372246597269     0.865273185550720     1.228743458403011
**********     1.004813070943929     1.192734718560931     0.374977621491743
**********     0.760365646485780     0.296250099859069     0.467338850880551
**********     0.394162143130329     0.550721126371107     1.281696080350383
**********     0.134059165711883     1.142605747308966    -0.173525700269806
**********     0.342577434405335     0.819530401882578     1.089837066713036
**********     0.361914577583412     0.130434362128558     0.618219818939335
**********     0.156982107854624     0.662843982836719     0.779966374566325
**********     0.322045325854677     0.213317478943663     0.383781790430151
**********     0.611935599521161     0.695154735047146     0.405187651173011
**********     0.712656613641242     0.427754424769083     0.951224733160682
**********     0.385128420936727     0.685847683926675     0.693792751223129
**********     0.089758025365490    -0.075912449782343     0.254150915881442
**********     0.949915829682574     0.500095051076112     1.009165273684689
**********     0.246842261845080     0.202875052836427     0.910513896532965
**********     0.137836081586132     0.292041700601066     0.249095751667996
**********     0.922707747958603     0.417848077793622     0.024603504087452
**********     0.966712478734794     0.495174989148233     1.037600462824213
**********     0.335571995951014     0.542013591273768     0.688351145963653
**********     0.791255265616624     0.104809516759165     1.271756329109669
**********     0.349376648823506     0.730742091229916     0.293322265729123
**********     0.665890923474751     0.676064096818604     0.396641589252190
**********     1.018387394766285     0.506514894703676     0.963896436611811
**********     0.265193088003249     0.272696446283110    -0.156278218305636
**********     0.178650599093058     0.694206548450450     0.798782000000568
**********     0.658666877762108     0.654003246763501     0.432675215341258
**********     0.037405826548835     0.814004511226785     0.939213108967749
**********     0.763995078594381     0.577450508641351     0.999127179383170
**********     0.322023333180778     0.439245815327514    -0.204349787427840
**********     0.150746055162217     0.631800288040175     0.762215359360136
**********     0.249761187424178     0.881501970410964     0.154489483343322
**********     0.764480567697374     0.333223860342016     0.264567159168578
**********     0.616751850613638     0.704252138233729     0.905492114451852
**********     0.086634134781028     0.187241019959290     0.885620659297139
**********     0.586063455539769     1.182100697705047     0.851558682580223
**********     0.017459491503246     1.160262053446813     0.281073005215958
**********     0.356290761480121    -0.160922662426535     0.236363936015811
**********     0.661365206594784    -0.161334024164105     0.832788119930340
**********    -0.068899915847749    -0.113916552919593     0.986850370892808
**********     0.754584114860061     0.598333687599221     0.373233723022282
**********     0.819700906157260     0.272483981769495     0.424694589026979
**********     0.579831888797880     0.686182245958151     0.957834495831602
**********     1.083805427700604     1.034525895331133     0.132055494093249
**********     0.554824851570705     0.325078112994818     0.323661612485560
**********     0.985780053501316     0.314213797649493     1.292977855278922
**********     0.311349065374522     0.749705717625687     0.283675885018912
**********     0.772739031630581     0.658389320207292    -0.191422962337418
**********     0.711166862624127     0.657781648668429     0.089414507969509
**********     0.713087857813870     0.482961300521281     1.118921010561051
**********     0.367233842656317     1.038483191870270     0.773437562983438
**********     0.574582610630243     0.446992185429905     0.510659784728422
**********     0.769548769727009     0.631435329852540     0.296835356346333
**********     0.127787689752711     1.128515291958521     0.654695987510095
**********     0.498989246563036     0.194895951834031     1.055272741439170
**********     0.756086402476827     1.001413156148828     0.275613567798126
**********     0.133522026904646    -0.008011716292138     0.884289372921244
**********     0.508618526493410     0.112008155703888     1.170026793342560
**********     0.655497598617989    -0.064573414795438     0.920610729384723
**********     0.324635291918249     0.188349951137510     1.073949304053949
**********     0.721689483294602     0.683521414450807     0.605226189286701
**********     0.628645164425295     0.278478798938642     0.421277884348916
**********     0.377252693044633     0.152608181898466    -0.008413652546850
**********     0.052246202102064    -0.080799493885743     0.233181169932982
**********     0.614933432609328     0.956226405692947     1.209122549880720
**********     0.100852576749207     0.659193435613180     0.789892686677354
**********     1.096553331913279     1.058936505406936     0.142664789449742
**********     0.607427194703738     0.684496123293062     0.961333487679617
**********     0.988461037992165     1.076635866987795     0.296068727329612
**********     0.595564098801521     0.695056540454596     0.908245830004024
**********     1.051335009209349     0.888750129927841     0.500335797179445
**********     0.744471563777484     0.946185222503333    -0.004957873612647
**********     0.142551622348874     0.674498212962184     0.792758494695900
**********     0.570737996765858     0.194054726756290    -0.170538521441512
**********     0.538855189965939     0.675653312805392     0.191135157652170
**********     0.071189062601759    -0.081828791575297     0.220461617348921
**********     0.258735633713037     0.130830141442988     0.555832273665014
**********     0.513644515893516     1.135127002320145     0.344828587153361
**********     0.282982909889616     0.699598104424304     1.175342214079931
**********     0.617486531983890     0.717659768551280    -0.103100894430881
**********     0.851776608230611     0.479642877047963     0.933278030365229
**********     0.035700083945355     0.912539058984538     0.473455150966990
**********     0.595398653408129     0.463169185271957     0.354946322828157
**********     0.801585670208170     0.806914057062432     0.830238221035500
**********     0.670516770172424     0.852492097059554     0.327283488122353
**********     0.315615485187745     0.054443561898887     0.492992591772034
**********     0.052533262481157    -0.072377817658195     0.253055643020665
**********     0.451789521652546     0.004076524154421     0.013094729488989
**********     0.896493388566561     1.051884821644980     1.285062401145291
**********     0.410692687239143     0.194300190808557     0.956750169566998
**********     0.047906784901626     0.920094713719827     0.854112421588556
**********     1.050413793794560    -0.158650587398724     1.190510580389450
**********     0.334952603943933     0.135947869598981     0.572910879131112
**********     0.609419216302844     0.626950879599067     0.362778750190231
**********     0.160434426449658     0.658796213277067     0.824709970705191
**********     0.803669623431077     0.887054097555120     0.289758528129696
**********     0.179069408742921     0.313562489082006    -0.157000911260211
**********     0.670005689961444     0.146483594213189    -0.048660542444392
**********     0.257777233645453    -0.073900569833204     0.713035585652042
**********     1.098197717768403     0.717943539775209     0.050549333074496
**********     0.234361324192644     0.481563571054873     0.600550042825971
**********     0.583278101947704     0.388934221294606     0.845087560737738
**********     0.321326806694804     0.101570347414048     0.619350761358537
**********     0.212909940869488    -0.020323563482971     0.607068863854550
**********     0.246180006172476    -0.023791098530509     0.758056214416533
**********     0.036327317111720    -0.086657867245512     0.239376193105215
**********     0.998531738982408     0.768564829194988     0.485162550618253
**********    -0.086745620847501     0.616722736391499    -0.095911604302516
**********     0.959884204220411     0.301725451090521     0.020019587906581
**********     0.694652554196272     0.669812713452191     0.565908014822769
**********     0.927096054913705     0.158653457595804    -0.280063870720244
**********     0.129296938358431     0.786607428029724     0.706908859676535
**********     0.781092128457886     0.683653714935019     0.911845826669285
**********     0.294790701581849     0.172554232412777     0.524685917768379
**********     0.995055140463403     0.511334711207056     0.027434255184227
**********     0.986548502371010     0.841729817873355     0.696158383963661
**********     0.333488370280413     0.029412891356973    -0.068262801186866
**********     0.478930922116875     0.339004173610125     1.069237203755137
**********     0.540700284895335     0.432761295116847     0.812851084814637
**********     0.569060948781693     0.652002436786260     0.600518806797925
**********     0.582327170287215     0.718887003938923     0.952230635656516
**********     1.023882177467772     0.553012832932669     1.011879531533097
**********     0.701226674715001     0.957531484094898     0.211020415875341
**********     0.309656202133796     0.186473036881804    -0.078147442507200
**********     0.441137811967060     0.963381064977298     0.734110714311572
**********     0.945984754025180     0.951269290588378     0.844910962739778
**********     0.910210855061114     0.771261134290475     0.773692808960971
**********     0.966184005632097     0.474956939144076     1.048785090842636
**********     0.669984634314420     0.319166629615626     0.486979945599677
**********    -0.014893632345770    -0.169130198926982     0.406039619527310
**********     0.072170488602443     0.313141283793154     0.591155711891654
**********     0.202549252872794     0.305208676565764     0.981920981732820
**********     0.642847246705419     0.719346541053706     0.791215349213202
**********     0.666826070427702     0.213318746264075     0.442389000984910
**********     0.587929008894444     0.680536980739016     0.907832385568243
**********     0.620134789481927     0.061772115667705     0.716297073656803
**********     0.197570180475891     0.178882658805084     1.159218488609339
**********     0.815317635458628     0.022844840733765     0.300593456971745
**********     0.967991696122387     0.567762510755599     1.045963410556203
**********    -0.082023876692048     0.361252598145019     0.581602972376175
**********     0.639349395744762     0.667112334118020     0.740233237743053
**********     0.604687818250857     0.053469373424379     0.550130474065997
**********     0.229697198417392    -0.021479057774220     0.634474457936905
**********     0.155759938220639     0.674765797440650     0.767806939994654
**********     0.407356868971080     0.979768175692092    -0.282533249622475
**********     0.236434838148278     0.043628477594832     0.587632160644734
**********     1.015474439373139    -0.148149495945652     1.069044399856610
**********     0.356393610144012     0.750196608313602     0.547105681907005
**********     0.560755278690684     0.712950849723407     0.979514687540380
**********     0.268230778690432    -0.076142694559388     0.680573786031442
**********     1.095505632589002     0.853504102938920     0.559751057454965
**********     0.860087435443037     0.540580770757458     0.963104005231621
**********     0.103562562127420     0.986165610461027     0.726687749307239
**********     0.018721635817830     0.933336159197042     0.923614733026335
**********    -0.008448068091801     0.079352710264541     0.346388549858704
**********    -0.061088724523661     0.165419375783756     0.210277455525577
**********     0.371298799288807     0.003898517718411     0.960443387055255
**********     0.055767121821519    -0.052550118529668     0.232901513631733
**********     0.949157198138959     0.937330494376873     0.293042716078006
**********     0.672117005413467     0.758869949659856     0.033038359442280
**********     0.418449320084536     0.919952038860924     1.091422145640276
**********     0.576873943439647     0.695549157049293     0.916603028840721
**********     0.322470560487103     0.181136824441218     0.735533491090220
**********     0.309724374362618     0.080658162008691     0.797958564003692
**********     0.679811111176960     0.176984750966941     0.198611892471892
**********     0.685975530846207     0.966628256082344     0.099593707311493
**********     0.437643061142066     0.395063295684496     0.528851361553040
**********     1.004898759809506     0.826996484348949     0.847684587681449
**********     0.239162563034676     1.083979037428256     0.651597623819864
**********     0.252401292779713    -0.097772332348050    -0.185978954924393
**********     0.169984191512383     0.468438142068370     0.963238980027252
**********     0.133972575546553     0.661332959566925     0.791001528631620
**********     0.348732984392649     0.125916800958301     0.624005177911517
**********     0.982919759973847     0.820541647469887     1.279393947145816
**********    -0.016839440258969     0.518346132340974    -0.078413060588770
**********     0.678260337444073     0.295887096414234     0.431826848953655
**********     0.851233977417515     0.192998136475795     0.271674956093486
**********     0.800423567141783     0.233570207122079     1.137452804943831
**********     0.264126281951550     0.660277928099736     0.549257183186408
**********     0.446230545805512    -0.144761825299244     0.721328676541871
**********     0.603884115306327     0.689273361594931     0.959942766848707
**********     0.074438233733481    -0.073406116387734     0.242767671753162
**********     1.024473329941391     0.553807959194870     1.036139561310123
**********     0.391972778510739    -0.061772050369386     0.968611714881021
**********     0.995797736733897     0.517536500153527     1.043978980160846
**********     0.048233938932985    -0.117384625973018     0.234780827263015
**********     0.322899466170594     0.992297260356448     0.554116444297541
**********     0.437583411586465     0.599081480702465     0.708228853713933
**********    -0.025477469722276     0.058003872981416     0.864410411637038
**********     0.694031657415420     0.626498184188372     0.536730303055070
**********     0.487966011893200    -0.152855989500939     0.668105330015439
**********     0.191265877291791     0.708511751681559    -0.209014001134782
**********     0.086589125313981    -0.090834656010975     0.228309136623975
**********     0.961518660508359     0.113467923455214     0.107843646644444
**********     0.268987901803949    -0.031603560085609     0.735656916753860
**********     1.055475513149488     0.874504524041513     0.517189919196312
**********     0.004676598352936     1.029597578250816     0.414473600126109
**********     1.046908078643603     0.981540676414945    -0.269492538162536
**********     0.967658712586108     0.685764403919991    -0.094422485538337
**********     0.378386424327583     0.327476729970565     0.986613591795872
**********     0.131685947868097     0.532526284782805     1.104520418528409
**********     0.357571954479380     0.049951458011015     0.954177627606711
**********     0.214771528263590     0.839145770141497     1.030168639367786
**********     0.810071218203083     0.922059313502790     0.187616201658734
**********     0.211758574846234     0.482358256211295     1.078454103368026
**********     1.028707281314273     0.370890797943832     0.355553029391582
**********     0.316533511740705     1.069623813974999    -0.291768404588513
**********     0.672268209552465     0.679329811158562     0.571017264155406
**********     1.042418376125899     0.316889654234115     0.661008124783377
**********     0.939172637016970     0.401108998861085     0.370616191823715
**********     0.537612696927111     0.874901938737750     0.932773209951653
**********     0.245713219179879    -0.025758556130531     0.762650193855413
**********     0.928461391195609    -0.064966872941996     0.198128400416974
**********     0.623076015498761    -0.157265014139773     0.585821283084090
**********     0.922983060768633     0.640368762005685     0.266516448817377
**********     0.863284631377038     1.098312834524773     0.257224893689937
**********     0.777821848964573     0.866887212733574     0.953378039697083
**********     0.338621392325280     0.105363836477059     0.000200191860083
**********     0.100199798827009    -0.038017902192949     0.915899544575429
**********     0.588015124522341     0.708418392533309     0.962379881906781
**********     0.069932872219347    -0.120165583892362     0.257992791492624
**********     0.451509682407317    -0.041064386056535     1.050396316947784
**********     0.417490515518236    -0.039102030314425     0.391383758480791
**********     0.501565819027148     0.569737801681865     0.556017334791620
**********     0.137862202618201     1.191156133600134     1.275064520357308
**********     0.070304791336080    -0.123550129216134     0.258080543727487
**********     0.750647137087570     0.443445410044429     0.355994449936741
**********     0.566866141507361    -0.155100291164779     0.475420625249385
**********     0.376255673974186     0.785541549718548     0.661931564623756
**********     0.302342053607350     0.099873842495911    -0.057990372276522
**********     0.619843570553139     0.448311369401452     0.854942786617647
**********     0.896085124073471     0.565744141309024     1.011779393438389
**********     0.952197324853434     0.990490462962777     0.439526418030882
**********     0.908408040930452     1.099186250755295    -0.115510277611146
**********     0.765727726991490    -0.090215749225686     0.769307419977866
**********     0.531222312765630     0.329218316753179     0.165494185412607
**********     0.572941991142101     0.720075776539136     0.953003383779506
**********     0.149369067946040     0.695710345063126     0.778969605881689
**********    -0.007856165388386    -0.079195102343936     1.236938716835558
**********     0.144580498756436     0.870526672032599     0.108969011200716
**********     0.358674798108752    -0.015547742756293     0.968613100694349
**********     0.330300646971435     0.131232723923724     1.058944395998017
**********     0.988702598363055     0.543679553265589     0.139685388914393
**********     0.367231129160978     0.164071029006437    -0.015195167327606
**********    -0.088868997872177     1.111035442816081     0.728512315161819
**********     1.093553276364331     0.884064328875738    -0.097602373285970
**********     0.082551725562268    -0.123332317871920     0.240166621593538
**********     0.094128711457981     1.156535208202074     1.052447279300609
**********     0.568698665229450     0.409266628568485     0.470958749607724
**********     0.248790092850250    -0.069664766319077     0.469310235056935
**********     0.825219993886497     0.607688475857816     0.891491504242340
**********     0.807522451645308     0.733528526474395     0.398732500615669
**********     0.411198902700272     0.093817476386409     0.845607879929741
**********     0.652149779954157     0.820621064864755     0.449463120072142
**********     0.879191924657976     0.561510596285518     0.631094497773791
**********     0.970910702322388     0.955862610608321     0.594874887386449
**********     0.655291223365109     0.422235383998662     0.749575972167388
**********     0.276301163200877     0.074285879397752     0.548859397250304
**********     0.974699897608024     0.465188747216981     0.601935586859036
**********     0.473820277366258     0.051101697269845     0.988361598650717
**********     0.371190293243743     0.740873266696902     0.590715789586997
**********     0.560093135988346     0.720978744759915     0.935315502005218
**********     0.960711248120516     0.506837128877295     1.011914578470973
**********     0.322636983624312     0.655584630488391     0.572921194404690
**********     0.663819736121941     0.143477822324661     0.994697977082567
**********     0.394128279878647     0.106671452050813     0.788208604788783
**********     0.751079404102766     0.809269080141444     0.310830149019333
**********     0.593252930195121     0.727701241523168     0.934983232165075
**********     0.632652033644835     0.260648103457464     0.924341486050548
**********     0.914509826223682     0.494802723056561     0.602240687971890
**********     0.042106269925833    -0.086422320183597     0.238056218897399
**********     1.042792568697658     0.943605595005341     0.566598992248183
**********     1.075189893823856     0.973526906418695     1.219969838415202
**********     0.150139782829659     0.700275730837046     0.793484607192542
**********     0.061227931611338    -0.082266070859546     0.237817619791132
**********     0.716974093427658     0.870621134229557     0.168177728723693
**********     0.212649909827829     0.057134390714722     0.522795940239887
**********     0.511742995826199     0.131440802507870    -0.109592750714546
**********     0.681921266037610     0.813743309819806     0.140566984301576
**********     0.582730786460368     0.113759954380059     0.853726718777717
**********     0.798383825990714     0.217748167302682     0.974664814333178
**********    -0.053537661667970     1.100348836453075     0.093185774178080
**********     0.578201826452737     1.190344018402517     1.010283096692256
**********     0.635002042630902     1.104095228442358     0.140930543950468
**********    -0.015219538984056     1.064789918545805     0.479388491104535
**********     0.254003975636854     0.415289573809361     0.339936777526941
**********     0.825350284461416     0.374395251107830     0.466137657756006
**********     0.816608567359999     0.815835548834900     0.941135658159147
**********     0.560279950960577     0.699340518303772     0.939643403157717
**********     0.585235573837995     0.695843938424854     0.934753421853395
**********     0.652190224254627     0.496808724147461     0.886256871995567
**********     0.353360103160734     0.912814569314409     0.244465860900479
**********     0.650198579556762     0.255652722503258     0.948168858508545
**********     0.055933029893319    -0.066192456072102     0.247849763191682
**********     0.518659608509291     0.506195712077982     0.700642129044337
**********     0.715692355424874     0.304395074798908     0.437415778324312
**********     0.904771711992440    -0.195398556083202    -0.253448538527499
**********     0.675876224989777     1.005162556126009     1.207795244030774
**********     0.106572927757588     0.145285840001971     0.624030503154427
**********    -0.025632106553756     0.485646028468854     0.424015571301015
**********     0.492944620144666     0.260805311037529     0.672269489364170
**********     0.640277693915313     0.599563333543124     0.866568141028316
**********     0.730200641232790     0.719722393633625     0.284269159298560
**********     0.392068209580568    -0.065338621962133     0.733932212756592
**********     0.704792215054235     0.183208658474559     0.993321413771486
**********     0.375851464976021    -0.091278867066675     0.682635733639615
**********     0.757525070846532     0.990934533485547     0.549316831434077
**********     0.492517119149806     0.973937145479608     0.751969657317790
**********     0.404838154398828     0.199561719365260     1.012404151830078
**********     0.753260375448568     0.126324271516135     0.227285282717703
**********    -0.061238620729286     0.430343607142787    -0.214247210039008
**********     0.621993667686894     0.528930570996886     0.559403038640414
**********     0.953276126465370     0.547642223008755     1.072013747119139
**********     0.761857801565924     0.932432723951012     0.340771622111339
**********     0.302285284828935    -0.070040834223171     0.203653323132325
**********     0.117855034148398     0.666380504967854     0.772025870730951
**********     0.785977257046790     0.965833621993041     0.326022631736276
**********     0.944625785103067     0.842601107144718     0.180255099388614
**********     0.441531745672778     0.024382460543542     0.677783773301265
**********     0.328066313990073     0.034727111525893     1.118289670110357
**********     0.268342430982282     0.127869256728861    -0.093035880502363
**********     0.698069037610214     0.501445910509815     0.980765120202627
**********     0.593890848130518     0.706031243536148     1.014841157811015
**********     0.465328611169041     0.117997738309612     1.005992265598304
**********     0.139670689254872     0.610593154825367     0.782412852190854
**********     0.747777888914428     0.405123843506861     0.528468579912000
**********     0.423184982503927     0.158590873176180     0.703966241209711
**********     0.717964255086779     0.952152143515518     0.800645955363513
**********     0.905237081371206     0.844534147948701     0.200220887173849
**********     0.833353866301225     0.129322276174658     0.817486339351212
**********     0.228046560606490     1.125050294000366    -0.095792372767893
**********     1.013319629254485     0.495470651352843    -0.032728328374105
**********     0.812411041812721     1.154816091594581     0.229084125515579
**********     0.454431093562928     0.785845274431877     1.050605960419160
**********     0.964105192319998     0.494794732892145     1.055284481612581
**********     0.542806324694077     0.133228113401783     0.241198282994813
**********    -0.050480590782170     0.339993877841986     0.375470115617146
**********     0.753993676021652     0.523107868508059     0.591046605034265
**********     0.965305566146003     0.046700982872588     0.680452834517120
**********     0.167766617165105     0.661139636896764     0.791516595428730
**********    -0.087083047361823     0.930695222427115     0.421356621401431
**********     0.579657621608979     0.371253678673681     1.010851861872225
**********     0.595399782272197     0.698740178435448     0.946436332917867
**********     0.875533558292699     0.909515499824218     0.346623258035512
**********     0.594054242073342     0.691218192272250     0.917686454207051
**********     0.551838048379549     0.564303610567602     0.560313325299946
**********     0.744112407502546     1.095323534725743    -0.026614563073056
**********     0.908302434519724     0.980197703015249     0.112044734315984
**********    -0.023400753799249     0.535532501315013     0.479413556846513
**********     0.120706427644617     0.741099075283653    -0.104218354794639
**********     0.895700144779325     0.608449681964353     0.527016705327915
**********     0.963907050685255     0.609940944092231     0.202044315199623
**********     0.522805445096593     0.999981637952325    -0.146747909381181
**********     0.916073244658644     0.565458351315822     0.986137420578914
**********    -0.030470433164186     1.190343264607829     1.019000648552892
**********     0.917407895876154     0.852010166528361     0.989896522663847
**********     0.624981835433695     0.197181057387052     0.474215368452037
**********     0.664811798706114     0.044093120808592     0.363759620722251
**********     0.912297503257242     0.872203984326757    -0.051726923988211
**********     0.749508553678643     0.985301820310348     0.054753069562936
**********     0.347782417207322     0.114298694938531     1.082293906998884
**********    -0.079043927159231    -0.065295881043630     0.672725079669741
**********     0.317397960518707     1.174959852241079     1.062221781245954
**********     0.565327136228579     0.528096099072571     0.347264988225532
**********     0.672378695981447     0.824630881593109     0.572549884790269
**********     0.235251805434040     1.111569640569889    -0.050340950161409
**********     1.075719527647236     0.940389731728310     0.665502215220930
**********     0.994430408176675     1.053563596558769     0.405419586198980
**********     0.584830076448281     0.718704953031412     0.899131815410927
**********     0.802014051187685     0.209586201145145     0.360197713578080
**********     0.199181501782880    -0.060643936374010     0.142239644302188
**********     0.328035577484993    -0.074032039979301     0.684609089422161
**********     0.346082842265105     0.221750874616633    -0.026975757290449
**********     0.495482879358436     0.117478036607731     1.059542561645761
**********     0.168087759488625     0.626573071267173     0.802287442349077
**********     0.942812439198970     0.564235154535238     0.998867236796213
**********     0.610819207292663     0.409638670818125     1.039792973515988
**********     0.930669488460848     0.338000766704315     1.170147100084123
**********     0.603468999363799     0.703151690360461     0.957768176570944
**********     0.502379982479955     0.611418675162400     0.709356905566008
**********     0.708558321607085     0.231503387325716     0.377364398218745
**********     0.937184913033453     0.260503093711077     0.774923902367785
**********     0.144745851601537     0.664323694759148     0.773034904761202
**********     0.433405127820310     0.809687821689713     0.547254462124988
**********     0.148634804955486     0.662433852880578     0.808117285246553
**********     0.377443099894156     0.224568301938210    -0.133810030714902
**********     0.953711743982941     0.367468310426409     0.739340447567240
**********     0.661614075785199     0.876149688443160     0.445493086382333
**********     0.223278886696444     0.035137781689925     0.866855221031497
**********     0.384555182563434     0.944117560982240     0.378090169694086
**********     0.852142917421813     0.445692015952192     0.389742461657217
**********     0.867556349787517     0.799507044075390     0.526786610649977
**********     0.687951603576689     0.737795223176897     1.139284897787970
**********     0.226980409770276     0.847332774858319     0.134952946011440
**********     0.952351483305369     0.533367463193166     0.304207060232618
**********     0.769371484712766     0.355072967315961     1.233806762802554
**********     0.669312932960686    -0.110573935380751     0.629494139590073
**********     0.413151123575024     0.300384694803727     1.033611017550665
**********     0.715666584134619     0.933831108550183     0.762481973933354
**********     0.557216080911310     0.670467191801774     1.292595325842111
**********     0.706500624893980     0.403896374454113     0.985678668938765
**********     0.572722322651056     1.195575836206419     0.417729707651637
**********     0.323661587662534    -0.132131272947175     0.983528223991718
**********     0.475693432187781     0.941570820390795     0.699751841580041
**********    -0.011395870345663     0.568797939604499     0.167667295366082
**********     0.590224655466478     0.143019241642989     0.456336033093666
**********     0.764181824596956     0.497428023559452     0.902969957213359
**********     0.260698401749926    -0.076232074379347     0.677668119221007
**********     0.416009561685748     0.146841890852973     1.019286328863188
**********     0.821789197392521     0.193727536313911     1.057181387406581
**********     0.304604680402844     0.228604468647688     1.016725881877087
**********     1.000650202616077     0.781908548954332     0.507154984566902
**********     0.942664180754990     0.163645947176061     0.284293721193940
**********     0.622485681967642     0.369307181150141    -0.043779440050803
**********     0.178667750864056     0.462821068139026     0.141990243032108
**********     0.803662768313433     0.277248272452753     1.050876506287238
**********     0.375146589842990     0.679114368844628     0.801532376265041
**********     0.686088257153694    -0.162976722363600     0.670566523224906
**********     0.622680499394738     0.451014153276800     0.275428186044394
**********     0.800312332757030     0.137735726886451     0.086018882067123
**********     0.321084679169285     0.206895825623689     1.065652851490794
**********     0.465730663405768     0.031800108574355     0.823160966796896
**********     0.120577757866612    -0.030537109760040     0.057130142692883
**********     0.353650413356584     1.040114923054422     1.186580187941564
**********     0.216394403890831    -0.135364026030650     0.857444444809815
**********     0.762911005121735     1.198070259603865     0.176942341097900
**********     0.275464882671288     0.073041714252427     1.126446148337428
**********     0.543534458539103     0.728955538208471     0.953612507510918
**********     0.022756710045581     0.562262957766483     0.853566582948551
**********    -0.024919488605071     0.191918159123162     1.055437300673310
**********     0.715957805998782     0.235454014636326     0.502987372939759
**********     0.177486401187402     0.163835418247380    -0.262474178196887
**********     0.118288975144977     0.664918117149895     0.795037367599914
**********     1.009044370492699     0.478879556165944     0.569041236740216
**********     0.878119002766961     0.734739217694139     0.283420452932885
**********     0.310961688365712     0.451625585171731     0.986792995183194
**********     0.414690861532265    -0.018910261138532     0.460603232723305
**********     1.047942905751883     0.379797011260400     0.774871437645224
**********     0.218479709896661     0.029611176702254     0.760231531334766
**********     0.256743012622073     0.121569067509311     0.261472147355492
**********     1.008565466851493     1.113950298014760    -0.059319884792930
**********     0.321449131194642    -0.011018163028932     0.923135805449088
**********     0.618695329110104     0.161530926385312     0.916148774448104
**********     0.585931637377149     0.218937214059716     0.884365348048782
**********     0.148149598538645     0.669224266958726     0.820498725562641
**********     0.535189636771166     0.699172395804736     0.965763447545874
**********     0.551043426661488     1.028045928449562     0.052750059009946
**********     0.078585171158447    -0.087820894325847     0.237111003970601
**********     0.244949635318950     0.059205353629649     0.512076461836283
**********     0.040382818303382    -0.077509787144744     0.237649821362074
**********     0.697656045354792     0.632789950777138    -0.148960684418654
**********     0.977371976277653     0.578713930811557     1.075736525624394
**********     0.338091897489210     0.000101429332803     0.678598044800563
**********     0.988932361210880     1.054189897782221     1.146055263637512
**********     0.696732483132558     1.020520240023560     0.472096322473260
**********     0.968221894958856     0.438029029780609     1.033609281555887
**********     1.048575438909544     0.697593141804330    -0.202562146006835
**********     0.231237769496022     0.130902598511227    -0.169480369642097
**********     0.125455255598969     0.711682456360991     0.781960142566141
**********    -0.049181749661086     0.187234065595448     0.922730774613381
**********     0.918032296595000     1.157921332986475    -0.266362270978819
**********     0.760837023133625     0.313956005553285     0.945890332283859
**********     0.419048581712814     0.198869817848351     0.960844541979346
**********     0.773214224505872     0.763913016999414     0.534419582447701
**********     0.764243668151688     0.368456426565473     0.372377960622492
**********     0.064821039718680    -0.120324730734159     0.257827218355791
**********     0.798209960561871    -0.135865942179795     0.640782730293581
**********     0.577187814517805     0.713096495137115     0.897625795757615
**********     0.043573371247207     0.909330532157979    -0.031961128101029
**********     0.902197933376153     1.087520439343749     0.758683460052552
**********     0.575793514859017     0.108913725969788     1.272303745254736
**********     0.689310377252974     0.405947532601178     0.214326246198556
**********    -0.080366308834919     1.083813193753149     1.041786504270842
**********     0.431515003904769     0.968300158520801    -0.232341721269995
**********     0.135486176091175     0.675448277801121     0.777126662437058
**********     0.885609662893333    -0.003411138195507     0.913731199182886
**********     0.538752488000416     0.354957465316623     0.130803697175171
**********     0.951752875713617     0.537297386795876     0.956353044446689
**********     0.888660911348705    -0.060176983384985     1.057724691008438
**********     0.230814365210973     0.181741192789556    -0.028853307449527
**********     0.888565767226067     0.467819343392448     0.658815203916094
**********     0.536606045832590     0.462810970419871     0.601491758775635
**********     0.763230206437201     0.493526462154560     1.074254029075802
**********     0.930249113579611     0.293778135999019     0.390766314443628
**********     0.577486977789427     0.691284460425391     0.964465728522093
**********     0.699277182416691     0.574329714598346     0.766465300191514
**********     0.447625080536450     0.877964947357243     1.215997792444937
**********     0.888012174208890     0.289196621320269     0.398467788185661
**********     0.569269032671992     0.700100640508380     0.917040362858047
**********    -0.029741296826037    -0.129578412651423     1.298727030945849
**********     0.262740623823993     0.091343894589324     0.208238940936769
**********     0.313449297840085    -0.062096940069810     0.422590173408234
**********     0.832051465335746     1.179725659366989     0.554781636285674
**********     0.055062886855674    -0.126810385821117     0.207599177419807
**********     0.262244618144788     0.382946995930444     0.288354070226069
**********    -0.009687730215155     0.544999981493964    -0.185238056035508
**********     0.369501787400761     0.093477961412558     0.154736276300094
**********     0.834461341423440     1.170642613128955     0.237013920540435
**********     0.615021994191116     0.820898933279027     0.675236310019349
**********     0.517667651161853     0.373345842423214     0.297211525548634
**********     0.748256323460836     0.077028023918034     0.735163556671807
**********     0.147859958138542     0.669937928410813     0.768292027883943
**********     0.305062816136827     0.166868525949329     0.623074600727148
**********     0.109218144820380     1.175547912365818     0.866623341497776
**********     0.093539965862858     0.883872455080971     0.162986218253716
**********     0.404687811605684     0.048494377165016     0.879072632601441
**********     0.596374238136607     0.535865613965397     1.224590132928050
**********    -0.081511462930822     0.792815532608284     0.602607378370622
**********     0.711051700530061     0.416986320021024     0.954475659115233
**********     0.585666850558460     0.279934835370210     0.738195894260119
**********     0.766719957560519     1.169727805046136     0.171816071844999
**********     0.227864803386508     0.151323880603350    -0.066003990884163
**********     0.679567116355020     0.842388586500791     0.383405443058331
**********     0.683437821257465     0.607438251604329     0.993748597630940
**********     0.640797316222553    -0.020851217982021     0.555640791680317
**********     0.712726931649707     0.767727725213983     0.424123356148217
**********     0.545639667057908     0.514744503076475    -0.047061892372544
**********     0.842278251040150     0.231089086841187     0.503501158731584
**********     0.162618550783811     1.058233933591270     0.854828832560270
**********     1.060823783232003     0.147400013510637     0.425693665904955
**********     0.806566735927631     0.081391451796623     0.023444258657795
**********     0.589700363127653     0.940453725823194     0.415393759493087
**********     0.590126821499589     0.723385001213307     0.928447540320250
**********     0.493560581689360     0.669730265500029     0.499038862682931
**********     0.465701480808023     0.526507386410421     0.538221936832217
**********     0.960757240607831     0.569628195059301     1.001277860953001
**********     0.504031176324254     0.156956678347717     0.908440436343774
**********     0.554175129533575     0.026344442842914     0.388408488360436
**********     0.608300463500621     0.641649750090089     0.101107109684448
**********     0.062922811657106    -0.086530529286464     0.214901879683293
**********     0.915812259357923     0.387460673520876     0.342343444871349
**********     0.586510875335036     0.726883570124952     0.988914158107427
**********     0.144885315011852     0.636034531150637     0.773531296167674
**********     0.132384377804187     0.233954437839712     1.116978535337582
**********     0.534660140362067     0.055051719558918     0.580540897734519
**********     0.305469539241719    -0.093013198376506     0.563220654675586
**********    -0.096508271367370     1.100603930422568    -0.220600556863784
**********     0.651952348970348     0.720648214265371     0.430710974071940
**********     1.099168665842320     0.434009727370664     0.923057988855621
**********     0.462300179592253     0.149872723435976     0.895152088939079
**********    -0.009294649413666    -0.038315361103224     0.529865695872164
**********     0.558853761824323     0.802719392049108     0.528986276399297
**********     0.340653113987455     0.129538929300540     0.568567427223033
**********     0.560631583253643     0.073833410995321     0.364330550809482
**********     0.120876931020580     0.635045054856356     0.805772933535980
**********     0.719455353701636     0.447657224453276     0.514312374952495
**********     0.832025995372015    -0.052123769539158     0.149934723190957
**********     0.270029340438349    -0.072289420934793     0.535963845082530
**********     0.954637256813720     0.470178169199419     1.021075230672406
**********     0.709095894836977     0.124965264059613     0.560412541881791
**********     1.096867737436092     0.663194144550662     0.378538179952510
**********     0.404937092886637     0.870718220923447     0.031415180205068
**********     0.329538855559007     0.080748279819820     1.076643232318436
**********     0.967607593257290     0.547993805438623     1.025395866383371
**********     1.001830518741572     0.796507399450662     0.346998398993326
**********     0.646284850000966     0.154936096873890     0.642368758827574
**********     0.640747584736434     0.024861610389212     0.862788473001379
**********     0.090642930308470     0.270115774762624     0.733335156012784
**********     0.755248660802874     0.424530533197596     0.928221819665336
**********     0.133940185427470     0.659640627050830     0.807910211017826
**********     0.070174402335701    -0.180612195224471     1.241785123506631
**********     0.305018829250718     0.075467566105577     0.479410079359157
**********     1.097342459678971     0.644813738920016     1.260011507243567
**********     0.315965007943076    -0.146527326273193     0.559544160884537
**********     1.012353976251210     0.484781924989183    -0.000054753069225
**********     0.500749743428384     1.084347365591615     0.664302439127427
**********     0.756658042584228     1.014536918355791     0.068230010773313
**********     0.341561111668786     0.005505841851408     1.088847072127695
**********     0.825176103026751     0.384335495555670     0.402001443027384
**********     0.563595175877671    -0.066333223413650     1.020395900165162
**********     0.533950037372143     0.975261054874052     0.209581914942327
**********     0.203587188808588     1.167745574012445     0.006111057781742
**********     0.332329567386266     0.590850053924554     0.279902305768065
**********     0.496110698139482     0.231883200581207     1.026492632750867
**********     0.637046919281034     0.680112865337134     0.649284555073972
**********     0.177976192089991     0.648866774357937     0.787575418765708
**********     0.575609676608719     0.741972150951003     0.996064554717651
**********     0.932480398274952     0.524820079191743     0.620954600895805
**********     0.760980183152101     0.885197967878840     0.670078298279734
**********     0.270932543305051     0.093514108192034    -0.129939932063978
**********     0.936382066441784     0.189342097501692     1.245366898271961
**********     0.363752837804342     0.162725364297527     0.187332813390788
**********     0.198469781960087     0.737368075496714     1.043310622852120
**********     0.916502308620086     1.048792230327221     0.394737697721610
**********     1.098794070280954     0.129349397484921    -0.222982394047292
**********     0.722356688734148    -0.054674006948990     0.289264582534320
**********     0.520385088295978     1.065146126293546     0.404804809284760
**********     0.781466044983491     0.321821757470607     0.388044183670924
**********     0.979794445013653     0.549957516174136     1.051326782819372
**********     0.401210300903274     0.177783104985038     0.840523934375864
**********     0.163120803220131     0.630738123275297     0.769380114957911
**********     0.425123841388017     0.567403750519232     1.116550422685496
**********     0.815010997754508     0.193838575124999     0.810217136234713
**********     0.829312350260369     0.364905048550774     1.058868955174443
**********     0.202890429237016     0.950553411859028     0.025370464892474
**********     0.598051941750018    -0.118082195173866     0.714205185153722
**********     0.811404661609872     0.413470573818846     0.330750468733803
**********     0.923759902831428     0.487150082875766     0.259727151236388
**********     0.612431166038528    -0.145291870667079     0.623187779618405
**********     0.691430601237988     0.403428678795705     0.623965167085580
**********     0.782263511136130     0.568156541187325     0.655397331036875
**********    -0.047090248833891     0.004364193700412     0.282961321022031
**********     0.696986299488384     0.023781005635295     0.793470510192681
**********     0.236161078571930    -0.002900688378804     0.723478346574657
**********     0.232744583070554     0.026321558030315     0.641125062274119
**********     0.101981747648592     0.138547203344288     0.894722378319718
**********     0.376637337402015     0.382826804761742    -0.222172977696913
**********     0.448338859874083     0.637792089437742     0.455011531416146
**********     1.044722253677263     1.084010965267830     0.128115150915903
**********     0.842823581798058     0.446560151520618     0.338911872152611
**********     0.474403331495767     0.624931924346264    -0.099628906291113
**********     0.065320968488894     0.246041513046237     0.490093862500333
**********     0.732303045654583     0.272892503266232     1.008266450848288
**********     0.100691156390186     0.690727793829659     0.738919667582190
**********     0.583919410583196     0.822892505169572    -0.019068501849864
**********     0.681043036872150     0.312093930050260     0.575700499765504
**********     0.395421606202144     0.734419482040665     0.602313364454698
**********     0.549394217297756     0.577364892610193     0.921353321850551
**********     0.117557967528317     0.657496139559577     0.796888515852329
**********     0.390764400533410     0.171931599687270     0.620449752941557
**********     0.607347478072798     0.714771391270919     0.962097764458905
**********     0.945989608857074     0.584588188063183     1.055378924387485
**********     0.712034720197201     0.382274076046024     0.538306679271513
**********     0.057320102073026     0.181836489544042     0.094689523045589
**********     0.387558348829272     0.692253405344626    -0.077095491043872
**********     0.823536177141923     0.186799555423825     0.609924264044381
**********     0.316635179334388     0.858258689155448     0.791036751741595
**********     0.059785229974451     0.776650285548161     1.083749447469121
**********     0.488283550273788     0.533631888245484     0.764519397217384
**********     0.534495831800236     0.643059320605341     0.301234013150546
**********     0.915712160150631     0.009982641477122     0.616605483416695
**********     0.614259423596920     0.718977208486048     0.940229731069610
**********     0.081204839406432     0.374016520172660     0.289806934057228
**********     0.247213418725639     0.216074752152554    -0.105483366027666
**********     0.899435241110229     0.769279386539108     0.485419250703710
**********     0.116566522733614     0.631307268693522     0.761989251715797
**********     0.946222215114910     0.531873197972201     1.028863772033352
**********     0.585060155108835     0.430977996436894     1.248735108952567
**********     0.137764676104583     0.796532337988996     0.399254181252037
**********     0.998394281201552     0.630626584591019     1.020281282803399
**********     0.443256190427395     0.139601834243946     1.061584978182246
**********     0.599670402218688     0.369878662096397     0.873336595957251
**********     0.892539921530875     0.040506534849820     0.283067928915621
**********     0.055287534139470    -0.122049815555958     0.249612301594396
**********     0.614232093559792     0.022951765442797     0.730787535949121
**********     0.731432107055059    -0.060235064363657     0.849072267078705
**********     0.320616839260364     0.282342039669860    -0.003062836394192
**********     0.551756072323021     0.544849381636824     0.487899258626606
**********     0.866392696769739     0.885401983240692     0.892174153904054
**********     0.392103344097253     0.035756737211723     1.181137695786150
**********     1.064780930335373     0.571268374225291     0.572018235534896
**********     0.303917709560139     0.567081440535215     0.519796248399229
**********     0.554967877173269     0.620202615942209    -0.167959293444050
**********     0.709873509755464     1.126829161996579     1.069435322084233
**********     0.217382311817510     0.927484452082115    -0.164614680482176
**********     1.060414376699632     0.369919190885969     1.251152454590694
**********     0.939445010673119     0.887977954202633     0.584036922289213
**********    -0.077641291209909    -0.011039846283925    -0.031978919647801
**********     0.983265937562715     1.139637946582903    -0.108857563948798
**********     0.036152666356270     0.782057061614663     1.222832716152830
**********    -0.066235408789623     0.893309499908680     0.540068194782403
**********     0.736381519885788     0.377338348827641     0.582437858821889
**********     0.677692908027743     0.093691913307947     0.876190854344714
**********     0.506104299378110     0.549201094383410    -0.262980267310458
**********     0.064217351796684    -0.081698764183931     0.217199119774703
**********     0.897885260728666     1.073537921231126     1.184178384807171
**********     0.235088262449917    -0.020212161786720     0.742305863676187
**********     0.688899003736733     0.774682962303693     0.530578263941040
**********    -0.038946193294316     0.073938045171900     0.168025328322968
**********     0.548722400047417     0.715462683660152     0.911619290533665
**********     0.734629776980564     1.026173516759828     0.439657068669285
**********     0.965653725970530     0.484602402740554     1.073153027060765
**********     0.992627372550198     0.513160965447121     1.078753060224281
**********     0.724383976661637     0.355697386239040     0.429106367181922
**********     0.780953262801115     0.318153310928072     0.438319553654439
**********     0.150618351539023     0.662794756449061     0.766319362567823
**********     0.887777520240545    -0.045513319684215     0.305182488179927
**********     0.394091611918927     0.142747078359033    -0.226313774669639
**********     0.499051593556493     0.007285028542807     0.551155952377607
**********     0.602978351802871     0.697139562348774     0.984982452696299
**********     0.506080449632491     0.593573861071872     0.320026289377390
**********     0.868729433208969     0.364349615497293     0.275559163233620
**********     1.081391863284157     1.034269143842182     0.357193525317963
**********     0.107202165268769     0.659419390443242     0.814032014920776
**********     0.961735107223607     1.012281623550490     0.863063704021286
**********     0.503298947859610     0.872690594915790     0.508224148995097
**********     0.138965795996427     0.588093407284639     1.276669905483360
**********     0.247061568468418     1.119543494609091     0.274193147357684
**********    -0.049422147190735     0.658091870555984     0.088337053323879
**********     0.794232298191939     0.303944534998730     0.339634971391396
**********     0.059934289815108    -0.088832240853977     0.251089494274817
**********     0.320345492680225    -0.050606444400435     0.660272002925034
**********     0.882570360232808     0.370357648677871     1.135570204874429
**********     0.705093171315046     0.365700629929410     0.420087087246781
**********     0.762966846150388     0.316774102817476     0.368164624372879
**********     0.176776626677287     0.556036781788383     0.747662418510940
**********     0.260182004871309     1.067882761231634    -0.292079509392052
**********     0.644904474140315     0.375809529482225     0.407023964033224
**********     0.809629939988575     1.044710989437904     0.550617610727854
**********     0.461123151250547     0.516429733083454     0.146691564496226
**********     0.264411145050821     0.413851131470054     0.436247837004764
**********     0.767376364171550     0.267694244510043     0.553666520850486
**********     0.551852003160606     0.785927337549795     0.298083804653459
**********     1.043983615407974     0.957254736684777     1.067859981026885
**********     0.180023280042484     0.333526040421313     0.814822578726359
**********     0.442944708733362     0.592355717780893     0.400196162268247
**********     0.288825630633748     0.317542426682689     0.775484392067469
**********     0.145205594176984    -0.094609213594329     0.783046580012971
**********     0.857233540588512     0.382554936825190     0.887599299145994
**********     0.673732396816122     0.864904600994184     0.029448952183349
**********     0.328312075195393    -0.181915197225264     1.012305471562946
**********     0.828115182605964     0.955948882671778     0.365590777924865
**********     0.084428363231530    -0.082530222909928     0.247606780258217
**********     0.692637495992311     0.270828293766584     0.389131567373594
**********     0.400554335244608    -0.028219373762775     0.202582862403879
**********     0.678065464751546     1.148362139700221     0.634465992708143
**********     0.594525306837778     0.851687841345245     0.549975685105574
**********     0.054528654689631    -0.088013881921023     0.242206143300491
**********     0.676673942281281     1.182256929622868     0.407607182286685
**********     0.790851845924093     0.329104625393081     0.326249979228105
**********     0.243465329064316     1.168791596603427     0.418473753382187
**********     0.958711226524599    -0.083006330260478    -0.028091838007049
**********     0.596696920636685     0.737894435452412     0.593409519865362
**********     0.311395736489524     0.134509006786216     0.611407595397422
**********     0.430011748336418     0.017095323752568     0.408358770019744
**********     0.045440737348799    -0.091895182423492     0.244431397521323
**********     0.426552147944807     0.649033540756014     0.483915640276783
**********     0.828015263184643     0.062162441912464     0.784469846625140
**********     0.806115242400213     0.259843579502791     0.314246744443443
**********     0.506188743879978     0.444119490860489     0.745048940431789
**********     0.063425116012948    -0.090610512849078     0.260322956269053
**********     0.335113246004415     0.679807707030947     0.580502095637429
**********     0.810158716660200     0.910576432354886     1.066422271045433
**********     0.910247860036257     0.578629336695725     1.050773299097008
**********     0.590650970240075     0.345497564368225     0.441265393919647
**********     0.907218205564748     0.950253681051093     0.366818516477803
**********     0.144613983255034     0.666497552045183     0.385192089004175
**********     0.717915889224267     0.320960697085907     0.370539529064941
**********     0.976926645849211     0.532497248699778     1.061803677686852
**********     0.916601019632680     0.826182583898916     0.306928589913451
**********     0.057032428739354    -0.103248452022677     0.262782434290080
**********     0.143723791275917     0.647424058607707     0.785295014968632
**********     0.996625402472716     1.173755749596097     0.102882696508960
**********     0.876038661952357     0.714170124465417     0.660022608595369
**********    -0.077830121680898     0.674523766376529     1.004396469737501
**********     0.445922807789719     0.290889226736301     0.145291086104453
**********     0.085122320878306    -0.086434567302058     0.258508154916047
**********     0.768894210812143    -0.013330090316836     0.104111304211775
**********     0.933813926937363     0.778735047281185     0.613931873954191
**********     0.758564126164483     0.169790007990579     0.915748845900815
**********     0.117054865156913     0.675291520924099     0.792434379805471
**********     0.569348498237264     0.713744969550550     0.968684682843715
**********     0.917156422325152     0.508969716411385     1.036352397084657
**********     0.913634684992140     0.528149550640811     1.080341947299735
**********     0.083114722070065    -0.096189125345063     0.241749168102201
**********     0.061837098321703    -0.105637013028824     0.250323326063232
**********     0.451019473644081     0.605436888529868     0.130142705848583
**********     0.384899931333845     0.002222542811150     0.726848850835281
**********     0.835633931777049    -0.022050830628022     0.735844069460215
**********     0.777781434953861    -0.190851003937132     0.959551102308167
**********     0.586666076875450     0.345512791615587     0.361245053330350
**********     0.820769738751956     0.249171770767025     0.184326820550059
**********     0.128422305572890     0.633595274299219     0.806632108435343
**********     0.707255255964500     0.770093107647956     0.526969658536200
**********     0.266771875427177     0.257344997457698     0.605021347482973
**********     0.551685611476741     0.778162144936862     0.364802035726226
**********     0.219046806286321     1.138676575824615     0.386207681731633
**********     0.690756891880371     0.604049644621889     0.572773854037740
**********     0.504119010866879     0.793547682469773     1.199886827528027
**********     0.614875020202850    -0.024283356045873     0.577202567992608
**********     0.015799755690421    -0.182447742874970     0.825776324863965
**********     1.062363559903392     0.696231744494936     0.307880082494794
**********     0.947609184297835    -0.136326131545287     0.054447010012363
**********     0.332466146690506     0.431647863276686     0.470193096604984
**********     0.221612682896079     0.077670378871031     0.517269654281886
**********     0.720913037304079     0.146673536624502     0.847316355540069
**********     0.452307883495936     0.609095533820713     0.529324469439744
**********     0.151746462365818     0.399855063139819     1.078950930743864
**********     0.473513121115694     0.741498894102607     0.567756313133101
**********     0.415626603668462     0.223878853946705     1.091950941915771
**********     0.968384816201226     0.540274140969073     1.012072945379663
**********     0.142188882099601     0.666390177985436     0.784125709857773
**********     0.197545741888792    -0.056204190732217     0.808566452870175
**********     0.350490022108973     0.150288286650845     1.116684877672240
**********     0.251534480583534     0.193360042421748    -0.136429165022162
**********     0.348813233209867     0.197713511821022    -0.247031686646697
**********     0.640359338344146     0.502099854122548    -0.153233442304328
**********     0.889619539034773     0.186315044291571     0.563387539957238
**********     0.404784752626401     0.341477269963525     0.256090246823270
**********     0.672299597726027     0.905261827830948    -0.017844019891893
**********     0.413744791589133     0.431976251571972     0.613625240369227
**********     0.898809656206389     0.133598329572121     0.792697931338133
**********     0.682496138633056     0.311487845495976     1.022613536100705
**********    -0.045751232789784     1.135514891582720     0.236938651674425
**********     1.047746181288575     0.852847804300948     0.287648243365625
**********     1.073886685937781     0.666738669927439     0.435991469133504
**********     0.116735513863455     0.632720968812708     0.810466999161260
**********     0.477368193884864     0.519765836046118     0.238047978487126
**********     0.889613941303643     0.685683195639715     0.399874205832890
**********     0.406774321536780    -0.128022445034765     0.696024261879627
**********     0.824254675762481     0.509658382745732     0.028141781580618
**********     0.070598732700018    -0.111551515955112     0.266771380969279
**********     0.843949114012021     0.252556009648258     0.519582279513487
**********    -0.036885696473893    -0.172603590575032     0.887082411657494
**********     0.524014002095764     0.117029313076126     1.165897508233726
**********     0.690204394107295     0.368497914827281     0.273517025871263
**********     0.331049844697730     0.972746872535527    -0.186661049159567
**********    -0.098251971471724     0.761302455136146     0.287907642958526
**********     0.994539409343400     0.708679830618479     0.513653680841121
**********     0.661663449573539     0.640405758579255     0.427618178920842
**********     0.442371853383778     0.225193588667243     1.257934930363333
**********     0.635097260676101     0.337348105553974     0.419217803097677
**********     0.174280864021532     0.637278169761366     0.742417707875592
**********     0.676939464704836     0.545012568514392     0.870124652807971
**********     0.928410359070521     0.368798890707053     0.857395994020811
**********     0.862374467875477     0.375642927601409    -0.088540805191011
**********     0.315438430371191     0.234393521585981    -0.075296676497607
**********     0.360303273046146    -0.024408716994427     0.703161500918497
**********     0.089224363065755     0.438503273414731     0.798188312003283
**********     0.972826364121962     0.557908289394209     1.010121682852537
**********     0.752409188448921     0.345759958681915     0.415001382057361
**********     0.284773564071232    -0.006467889578387     0.544171297862222
**********     0.651637297132889     0.257490399910806     0.876587895845309
**********     0.669162626640002     0.274035384027233     1.157530918586995
**********     0.968480109076658     1.080784618545367     0.213204702260300
**********     0.579721802897109     1.048575550771691     0.826430834493069
**********     0.321239062466873     0.392991176357715     0.714798658648581
**********     0.678693485201585     0.392569491004088     1.136115814149981
**********     0.966814110744208     0.864555636158169     0.063813345954174
**********     1.057875903953782    -0.177832903259629     0.185970308037204
**********     0.684524372647101     0.457629287125906     0.529028809538332
**********     0.750466036870661    -0.077472614633537     0.615610977474910
**********    -0.020264661706236     0.262299909090723     0.765862256464453
**********     0.094695443428074     0.663493973802647     0.768517747889293
**********     0.860259380955413     0.397252135027017     0.397662875739086
**********     0.901461531881655     0.779522511163683     0.436347277681418
**********     0.210580754381360    -0.040709329844409     0.751250302119964
**********     0.472784149981155     0.452861116184084     0.665713884339989
**********     0.627617462018515     0.858231005347849     0.674383134740649
**********     0.933808168893708     0.431036655286970     1.011796379103072
**********     0.568431050333730     0.178411182867840     0.902928441495322
**********     1.084324533541559     0.862192698536963     0.720575367605207
**********     1.040041740657962     0.455774747064104     1.077513855212048
**********     0.724242167221869     0.798657501138685     0.657145369770768
**********     0.312499524352966     0.271470396048480     0.941681430319662
**********     0.565220661537541    -0.083101523438734    -0.053492994767354
**********     0.635921824204944    -0.147231476392064     0.406672956986191
**********     0.476351360555763    -0.140133381324871     0.983342934649967
**********     1.019126513184752    -0.195797983023539    -0.162589073916653
**********     0.634244474078147     0.953474782976518     1.110412853283902
**********     0.398361035967214     0.122146054692583     1.042823261755158
**********     0.562159354011018     0.266512020968630     0.756293492704812
**********     0.271355442471547     0.038416611035206     0.740038697533666
**********     0.045895625951010     0.259410209060312     1.216801155123900
**********     0.611696671655876     0.716033916722870     0.957853929885580
**********     0.094817366480642    -0.111005235123684     0.262591356768031
**********     0.514441115694673     0.669016977906465     0.436642263380832
**********     0.982328712086633     0.548332418762796     0.628371117566728
**********     0.831220368412302     1.180372165335134     0.730486362721663
**********     0.658363141098342     0.157339140467715     0.387641238908638
