9980000001     0.778213738377684     0.749093696943894     0.507912833025224
9980000002     0.755874447992422     0.651944037781242     0.592252336500134
9980000003     0.630824568468768     0.716794833578931     0.927413759032171
9980000004     0.874107932300817     1.168606636515800    -0.167145949923127
9980000005     0.433562775263718     0.344595980940827     0.366817158800805
9980000006     0.686449632888388     1.032950754119433     0.627795017951352
9980000007     0.412456820557477     0.180798009839382     1.031143223437631
9980000008     0.846173194499519     0.056312981372916     0.796436831156360
9980000009     0.131191665290489     0.992823594767758     1.248280165818120
9980000010     0.178417045557323     0.282327450701430     0.676241942177998
9980000011     0.474196545984209     0.808667419188989     0.591560056059867
9980000012     0.664110789600773     1.170303416671472     1.015749075624454
9980000013     0.991603148637260     0.572373334554525     1.062862482452697
9980000014     0.601336995998647     0.449527319792640     0.895595197793413
9980000015     0.469788067816177    -0.128244585440326     0.461606830660118
9980000016     0.373945452222745     0.140556738191664     0.776795119564862
9980000017     1.003663019615280    -0.165629898025927     0.221519027910580
9980000018     0.061260161999146    -0.130740607556192     0.250979648007416
9980000019     0.698705074915282     0.384744709596417     0.443301446813559
9980000020     0.433617088830325    -0.019554908003238     0.972534438447027
9980000021     0.762657288690366     0.133076443303838     1.184153426389493
9980000022     0.149892159128525     0.366403475843065     0.740434833258949
9980000023     0.848604043842843     0.366565414223558    -0.115761089774070
9980000024     0.452946064931625     0.189756359335510     1.139864829262816
9980000025     0.656916155811245     0.230920694915827     0.968772663424274
9980000026     0.733179076966645     0.642364903851584     0.265980731380412
9980000027     0.639496624124484     0.212630224471654     0.994738228182854
9980000028     0.284584127317257     0.093145680597533     0.760213559882040
9980000029     0.467507710099887     0.765360047806435     0.716546080566044
9980000030     1.077810933614881     1.067248368656002     0.490849571779023
9980000031     0.991150576162447     0.365676820762985     0.358080851268452
9980000032     1.003847852048863     0.466738773038396     1.029033901313097
9980000033     0.417467568320473     0.117762293388277     0.654482200945451
9980000034     0.623100692747479     0.258170449076672     1.218099807029740
9980000035     0.357487794040314     0.430008363663431     0.500995685819113
9980000036     0.610940184595120     0.468893181265536     0.988263097728428
9980000037     0.651792725794657    -0.123141417104150     0.521847815042187
9980000038     0.344584196003465     0.099119582930506    -0.100061412098422
9980000039     0.244470684646543     0.169201865497511     0.847518625862062
9980000040     0.141005313269024     0.256570046099879     0.754546127326906
9980000041     0.729247750510017     0.327333594032540     0.498158053989831
9980000042     0.555902373736120    -0.114930131459713     0.487654438048596
9980000043     0.624708115183860     0.701750290097307     0.940119763840914
9980000044     0.515538744489660     0.889669854110318     0.669723888810697
9980000045     0.416311365025906     0.794064141592391     0.634032673588538
9980000046     0.161238681429864     0.641874239626279     0.784883325386293
9980000047     0.061301708808714    -0.074269901239739     0.209764130132887
9980000048     0.330697530332943    -0.049813760031057     0.951052480768251
9980000049     0.623005301524078     0.188337402717382     1.261879180511146
9980000050     0.578321216746562     0.155597261044452     1.002860086737281
9980000051     0.757105210286876     0.267800024347817     0.347822672505690
9980000052     0.462626352056227     0.456074574484072    -0.034192741084741
9980000053     0.299597144139912     0.637901520815056    -0.271317296862599
9980000054     0.026270743493385     0.175183422735719     0.374087262257022
9980000055     0.644227172926356     0.878145868413791     0.092925700014548
9980000056     0.286540505400992     0.076112251963865     0.676572064113571
9980000057     0.836428543228344     0.372989006328352     0.422268919682351
9980000058     0.716118993035559     0.223290796075606     0.350193979023210
9980000059     0.926941022833727    -0.072265956815565     0.818454658668725
9980000060     0.720497011536545     0.203070356103091     0.388033529890701
9980000061     0.527504760389328     0.180219211587627     0.913741631010023
9980000062     0.694123117931910     0.032819018384775     0.811495188609006
9980000063     0.292397333201706     0.063104987164131     1.124853683249321
9980000064     0.156646098400317     0.623948487980256     0.815606996167635
9980000065     0.741513865669925     1.128766858545581     0.892132218976686
9980000066     0.513292204422291     0.136925244161186     0.329654421626800
9980000067     0.438485021753213     0.165201984486238     0.001968290653022
9980000068     0.428202693197357     0.088436275108019     0.088665943457940
9980000069     0.509816717614180     1.068673509855152    -0.064879366589415
9980000070     0.794671894277555     0.310387438971237     0.494509186970245
9980000071     0.748493622324969     0.627319828999696     0.463593816454725
9980000072     0.144171633695913     0.642533061293372     0.812694287601185
9980000073     0.192074025676674     0.124083618842575     0.584532339601582
9980000074     0.497279082819171     0.668322478493850     0.005982021048434
9980000075     0.594153816344592     0.688152818941796     0.976393400589607
9980000076     0.352719052060475     0.151850389964958    -0.008584532301404
9980000077     0.569477495536828     0.736565771580782     0.925278595850082
9980000078     0.059739697118694    -0.098069479045890     0.244146599446949
9980000079     0.482775664251417     0.628651115128799     0.514368901021225
9980000080     0.874509922620205     0.307083933131866     0.950494294655362
9980000081     0.860182881127119     1.031177078631327     1.041682727735911
9980000082     0.011690517967170     0.269338582808208     0.881245947100965
9980000083     0.848060785548868     0.376342091982074     0.328474270826851
9980000084     0.447542863200111     0.264947687535136     0.306861422231194
9980000085     0.795283621854173     0.440537131516338    -0.112164196075992
9980000086     0.411269168631377     0.070260531509445     1.138297717173332
9980000087     0.026422742620596     0.321495846106157     0.218751263682381
9980000088    -0.052251406978644     0.005351645687362     0.412044582196608
9980000089     1.052569549281455     1.199645229947048    -0.109223992280712
9980000090    -0.052245306575613    -0.102216410830699    -0.258050887248545
9980000091     0.584665411412865     0.693177330532433     0.958884494308594
9980000092     0.725463492618334     0.161108692672835     0.645479588470927
9980000093     0.430028888315085     0.368886629800303     0.367811533434313
9980000094     0.324465716043046     0.315713718142677     0.103571096480869
9980000095     0.303307063312343     0.019795427158105    -0.196650535304374
9980000096     0.437979650476424     0.931800338128301     0.074232734361788
9980000097     0.330779604137783     0.906243813590578     0.564388880504984
9980000098     0.154500042155242    -0.041734625754454     0.888342509509916
9980000099     0.101796684424921    -0.106792795207263     0.201461493805921
9980000100    -0.068804839677390     1.026421815740528     0.203544626293630
9980000101     0.251398866068256     0.717223706692786     0.609785282552603
9980000102     0.628252279436226     0.338226127959271     1.253457060259402
9980000103     0.538070069809881     0.468556019667282    -0.260193648222576
9980000104     0.980586738822324     0.877535475780079     0.977747397300749
9980000105     0.489411763162101     0.055581742648667     0.936460082393051
9980000106     0.829195510870623     0.887867975016654     0.306259554315536
9980000107     0.331022840971783     0.158530235455030    -0.033989162362183
9980000108     0.357067782802746    -0.090742162214630     0.743561984213875
9980000109     0.133662450456469    -0.169842527137410     0.637567848978071
9980000110     0.413558704687574    -0.003911169147683     0.901862558505145
9980000111     0.345076690668875     0.094784404292501     1.062675055628204
9980000112     0.621854235857011     0.137069093979287     0.424577327012260
9980000113     0.959846509068536     0.726281225016775     0.067523384428213
9980000114     0.141685629232064     0.682085186324518     0.773554055804668
9980000115     1.040394047380944     1.012873999229988    -0.035846659507720
9980000116     0.804080302604926     1.142110381184093    -0.074848716643652
9980000117     0.975399407661764     1.026993302685069     0.484001381933182
9980000118     0.362427421311871     0.328098186807664     0.995926901604093
9980000119     0.514639052290116     0.988759389086876    -0.102501445830522
9980000120     0.864533547593243     0.394942398452667     0.362552026809764
9980000121     0.251779111968649     0.230268679576895    -0.074723290674420
9980000122     0.386944452665164     0.903118942395991     0.394464774844576
9980000123     0.839611709758747     0.873239442716489     0.046477177529263
9980000124     0.620701691691184     0.040310854024512    -0.109322739183838
9980000125     0.136179710725316     0.679149826169892     0.773732011824904
9980000126     0.970670389900848    -0.149915636134925     1.230562209114117
9980000127     0.245225302163278     0.845892357966536     0.041118380986239
9980000128     0.060966787263900    -0.104631154131274     0.267884314299365
9980000129     0.588810055116599     0.722233844792942     0.930346422460381
9980000130     0.374140340195713     0.164403733206053     1.234566313619781
9980000131     0.668728941825614     0.444604702434307     0.268025111951051
9980000132     0.731075004396794     0.322817339494958     0.911660166095851
9980000133     0.040818577869412    -0.082304334860363     0.250010059236854
9980000134     0.505372001361660     0.038352381092639     0.940975784598114
9980000135     0.653748181504315     0.005375386863653     0.449142355382141
9980000136     0.066065074589897    -0.090398818155017     0.269627632273701
9980000137     0.574487715706285     0.691636710366146     0.976906559105045
9980000138     0.769561120806974     0.683058218464962     0.143848857886630
9980000139     0.664287242563204     0.264396641898570     0.844353041501738
9980000140     0.332054689197553     0.793518886956233     0.834335675872599
9980000141     0.352417924156007     0.073586066685152     1.033176185841812
9980000142     0.548195152345559     0.755045180342271     0.954104046953567
9980000143     0.470093417636169     0.708649395861949     0.277635158553011
9980000144    -0.009608221586312     0.902604535206959     0.630944806410888
9980000145     1.094364939166173     0.918364511549224     0.571593683065972
9980000146     0.744457780871228     0.101691663171485     0.603141219527377
9980000147     0.892514686630940     0.502034776888726    -0.287659411931735
9980000148     0.935431247443206     0.812590352289077     0.143420547923603
9980000149     0.721729799830912     1.031505690492058     1.285390189436946
9980000150     0.159696408820179     0.360699341376236     0.932417358253037
9980000151     0.067835831215138    -0.055849341049338     0.239776611553704
9980000152     0.991323309911370     0.527140469394198     1.109376037607410
9980000153    -0.096130455102614    -0.145634107157103    -0.292002062537621
9980000154     0.444808915111276    -0.122887096319460     0.715516390324769
9980000155     0.714399628987018     0.321131421640880     0.826152048617075
9980000156     0.542270654415179     0.418932828592895     0.802290402787002
9980000157     0.613948698209148     0.244323060824833     0.443179612170125
9980000158     0.878009391326720    -0.091239590092011     0.743890400566678
9980000159     0.395273652953315     0.130859482689201    -0.129359579589482
9980000160     0.672756311210456     0.142321579124454     1.163362738686972
9980000161     0.360197958996910     0.051207880377597     0.642898840640404
9980000162     0.989298143162210    -0.090077400754163     1.055629827756019
9980000163     0.849696011189518     0.691497888344917     0.458779666561732
9980000164     0.482665148832339     0.720937005713392     0.530301330893011
9980000165     0.269349916379107     0.212272187919634    -0.003703909661036
9980000166    -0.013852168550365    -0.192557839743413     0.094632650776662
9980000167     1.065095491311242     0.896162833862488     0.862414286688459
9980000168     1.046673506260116     0.824281840812322    -0.065516358694525
9980000169     0.755985831109072     1.136845606478920     0.614259602349245
9980000170     1.079704090442335     0.437437055117435     0.973814750475952
9980000171     1.030512801566968     0.928952750176164     0.035551362924009
9980000172     1.045353895944480     0.843730410051564     0.099995791866139
9980000173     0.677187873672466     0.798488964118577     0.388984253557518
9980000174     0.563484498085280     0.045737675558505     1.234241256265842
9980000175    -0.074289724731980     0.519857534185449     1.174722429640290
9980000176     0.811598710290580     0.296554767460657     0.923152078961784
9980000177     0.540028897145126     0.444722812541496     0.223471243148483
9980000178     0.970886753720432     0.356089123080726     0.152452055080446
9980000179     0.561076979452348     0.685137396414185     0.926359541358290
9980000180     0.252595469268003     0.236633202685929     0.523946538944556
9980000181     0.540532143320805     0.296125802122306     0.134997129998205
9980000182     0.563449812720455     0.076248534583005     0.024211308640598
9980000183     0.479189659423072     0.587634804490999     0.620138331344464
9980000184     0.680137960567773    -0.035671295354688     0.674965617282295
9980000185     0.133132683381945     0.633986118761642     0.794825068775103
9980000186     0.070296001882915    -0.104901730315696     0.234064223709430
9980000187     0.935959686886087     0.445783688091703     0.071550694546667
9980000188     0.273822243508994     0.096779763479705     1.087259327793173
9980000189     0.691110696303669     0.737238551875419     0.543113596045525
9980000190    -0.037089067800628     0.660691923139897     1.158491374773832
9980000191     0.268889648357378     0.444214391617402     0.465881158175405
9980000192     0.362159539231559    -0.143269453575286     0.876676498723159
9980000193     0.068953166714394     0.378110044157074    -0.081345317383457
9980000194    -0.033103154442608     0.581492940492542     0.741587960871900
9980000195     0.902592279738053     1.096157278461788     0.782769002861347
9980000196     0.136522038596913     0.660568567985490     0.772789844287163
9980000197     0.280789025775246     0.004214024481581     0.480501985629031
9980000198     0.235516461989586     1.083206948128770     0.151748789207357
9980000199     1.068169593549241     1.182105336442918     0.232818374916527
9980000200     0.064345056675848    -0.089667675255359     0.248616272647060
9980000201     0.990225597618086     0.509433637689126     0.606198301278069
9980000202     0.368963611808430     0.079834659087413     1.020121165619319
9980000203     0.130510695378681     0.649872173948976     0.798858997083152
9980000204     0.682472295115139     0.360847384313555     0.243276538560754
9980000205     0.653325309693430     0.345184640056584     0.565400717164833
9980000206     1.030487118189890    -0.012290298320207     0.994471874875304
9980000207     0.883262618139106     0.986665217985296     0.432874850411101
9980000208     0.138709633777355     0.650940848857862     0.729943331909243
9980000209     0.526472355101039     0.208699885647569     0.448887441629270
9980000210     0.484645188746813     0.086971498760700     0.004155389900289
9980000211     1.052787168099044     1.004584063942806     1.252221752377480
9980000212     1.019005168023098     0.825618373578789     0.646981387369264
9980000213     0.219714373649910     0.013439977742619     0.826739275600097
9980000214     1.045031295885990     0.901154102560331     0.846426136363363
9980000215     0.257867588371329     0.032547337169794     0.629510163457081
9980000216     0.255665889959311    -0.059459440582384     0.281516233818530
9980000217     0.642664784614425     0.630176444125472     0.588988635160787
9980000218     0.260738991488037     0.519085776260242     0.517492543639396
9980000219     0.651841282840076     0.249985298613530     0.381148521178822
9980000220     0.865849814559589     0.344231421947790     0.930682337014028
9980000221     0.086858275892939    -0.020310293269479     0.648222256860884
9980000222     0.575486887630634     0.603566738036913     0.634068107133747
9980000223     0.199884091229735     0.111905949563446     1.220854815964070
9980000224     1.014310268187003     1.034701886449833     0.630729489155949
9980000225     0.809561517206214     0.217395217896870     0.336052427540206
9980000226     0.944659373508375     0.542409823881690     1.023146068199759
9980000227    -0.071753633656937     0.461299125212612     1.221501729126256
9980000228     0.331587070816510    -0.003956992158280     0.200728495859690
9980000229     0.273506910983092     0.500099763674003    -0.052262721681608
9980000230     0.794933564561914     1.164690813057392     0.439737946950712
9980000231     0.402955660710268    -0.085756774682990     0.749068075742348
9980000232     0.078634280029354    -0.128124834994367     0.282272647092523
9980000233     0.083134297013950    -0.073757122199806     0.230989388253670
9980000234     0.574141226733409     0.713153173094445     0.934030466361635
9980000235     1.063022341456066     0.826477506207580    -0.299612176783458
9980000236     0.943008587979129     0.520858334158554     0.989156767479658
9980000237     0.528399594943153     0.756945906500555     0.748642417256410
9980000238     0.588794294942481     0.796243641239030     0.094661370592993
9980000239     0.648532709408557     0.143057896803656     1.096677092497408
9980000240     0.399559341757811     0.646900140706243     0.603896934134362
9980000241     0.139376408746192     0.662917139619481     0.794999145225804
9980000242     0.733457436248780     0.270977514512117     0.533742716757244
9980000243     0.468787368309441     0.884823423481392     0.876577377362885
9980000244     0.601578106536793    -0.185825908251625     0.817420959376361
9980000245     0.463818335557219     0.582567084711341     0.518113423265343
9980000246     0.812108385568962    -0.144341573992666     0.621733722736392
9980000247     0.294151599521548     0.366638518465006     0.302248300475033
9980000248     0.017245925484000     0.146137727944608     0.018319952675522
9980000249     0.684836158200590     0.214074922046932     0.250099425896609
9980000250     0.356259393737471     0.136196712036274     0.608585909906168
9980000251     0.133773674893639     0.668316079352289     0.799600548003922
9980000252     0.657844999615920     0.136128949705862     0.561633097184670
9980000253     0.415481762102834     0.099836330200191     0.935518978052264
9980000254     0.712968747653626     0.775154203218153    -0.235367954231581
9980000255     0.640238624818044     0.165833833525644     1.200814183431155
9980000256     0.581566703014901     0.510709414125555     0.610475202937985
9980000257     0.520582560521528     0.760384694956941     0.254220908866583
9980000258     0.511164754009024     0.952352800070057     0.995357821774913
9980000259     0.951536795331343     1.086855195881600     0.486836728369921
9980000260     0.135600801566906     0.660898748706721     0.806434428497793
9980000261     0.679367261354291     1.050349567913002    -0.280420194907494
9980000262     0.654890434813054     0.362935177805521     0.301112719220193
9980000263     0.457221182684384     0.623766429520030     0.461904991308156
9980000264     0.926901132988095     0.887534867277618     0.282984320522490
9980000265     0.588932364552151     0.737572904342642     0.914205834510333
9980000266     0.861249170096755     1.195681494163964     1.282313380571851
9980000267     0.076809463483139     0.886716122134818     0.496995111129185
9980000268     0.582279741389340     0.255367090821872     0.825879291058963
9980000269     0.820841228774222     0.872755263074236     0.066604780362743
9980000270     0.109213126903023     0.676900381461518     0.761322095151183
9980000271    -0.046250160871371     0.442547522044890     0.283197887618080
9980000272     0.434276908552237     0.116518956700100     0.902094287745549
9980000273     0.905510571717372     0.814857339403794     0.047508998041031
9980000274     0.935543659894706     0.768888312799118     0.798919662097530
9980000275     0.726762156679088     0.224321732303389     0.465942577462737
9980000276     0.375385241776136     0.071387307616961     0.033180701309435
9980000277     0.296548527738259     0.854416944487364     0.240957734615717
9980000278     0.400751962101493     0.151451736169714     1.200462475546462
9980000279     0.411242703841500     0.004810205501001     0.502190909627879
9980000280     0.696733414882827     0.255475100216095     0.436648462423034
9980000281     0.961404023703279     0.482147147414589     1.040312187380049
9980000282     0.363895662421841     0.852174756740087     0.593204057452014
9980000283     0.971152802468597     0.519156397576372     1.014692528150563
9980000284     0.758212084313542     0.340464195665219     0.387916364477233
9980000285    -0.072293208112868    -0.121351213168730     1.219322576857752
9980000286     0.696419467423206     0.163378838152490     0.818271828008307
9980000287     0.583303745269352     0.714280933927749     0.909549114965827
9980000288     0.480127457208133     0.277952433163320     0.290276294774453
9980000289     0.329103202581988     0.323166992209663     0.349831763270047
9980000290     0.822545533295142     1.192760050118341     1.190343819690170
9980000291     0.681880803791794     0.634220021122528     0.359451158179192
9980000292     0.260579614414159    -0.069427512223511     0.708906741418269
9980000293     0.044076746392604    -0.070511157947555     0.205241030696616
9980000294     1.034639559865412     0.166858371189983     0.849215891632844
9980000295     0.540447108516987     0.716093772675003     0.950484058817210
9980000296     0.689103017458758    -0.058442884210910     0.674080389066830
9980000297     0.217775870488313     0.011931246175614     0.546543180700419
9980000298     1.039615429171531     0.834808638731978     0.648891262989362
9980000299     0.533891360376473     0.659406642886884     1.147875322651805
9980000300     0.594938927664170     0.175990554846767     0.794345678367231
9980000301     0.191020522840626     0.817414010561840     0.079933730653537
9980000302     0.248161560368534     0.141812760209773     0.785582930151017
9980000303     0.179512866352569    -0.008617971960215     0.828689270489828
9980000304     0.886544785926094     0.968419541735317     1.268122488323550
9980000305    -0.078226926461386     0.504024215786021    -0.023779490112345
9980000306     0.324895892896355     0.536822385070295     0.316386299092877
9980000307     0.348760067579146     0.173649279702267    -0.035007969751320
9980000308     0.622484573119896     0.478260261439254     1.204376033431067
9980000309     0.636551916424448     0.333085850019799     0.300531522532164
9980000310     0.446328469905317     0.794687403577276     0.551260010548125
9980000311     0.706930494052750     0.236501555986466     0.977791309958276
9980000312     0.488348313176972     0.536943409519086     0.910633581934598
9980000313     0.640633072001027     0.555096568363978     0.699438513685922
9980000314     0.784018681356252     0.140565233557181     0.745144782701840
9980000315    -0.072231219044615     0.505080549669169     0.362941369649414
9980000316     0.162853364423913     0.684063750116985     0.748874984899181
9980000317     0.884892906818179     0.638329959552854     0.942392232831558
9980000318     0.300518038278494     0.175001838195578     1.075218884366679
9980000319     0.960734990659595     0.515122748754786    -0.259957270557291
9980000320     0.356146932435278     0.426025516806160     0.678204263251537
9980000321     0.518644646941208     0.223445336924409     0.098193114949306
9980000322     0.479487897382830     0.135346493958770    -0.159524742997723
9980000323     0.526304466165592     0.047139314248389     1.068531193098493
9980000324     1.004594668624373     0.529531688642148     1.033506443047408
9980000325     0.131951588696008     0.640552410014627     0.784966238238750
9980000326     0.652420806685902     0.438921411049074     1.110910629374688
9980000327     0.587247364497958    -0.086885296560220    -0.237804418995178
9980000328     0.112398087909330     0.329560667643087     0.843876165288362
9980000329     0.962537029773823     0.464243150216868     1.040498640554441
9980000330     0.375062967613630     0.637023017179780     0.454484871430209
9980000331     0.710146184963733     0.518970361504650     0.412148168652595
9980000332     0.694975428218213     0.175781827650488     0.545718408327622
9980000333     0.303817793850545     0.062441848119265     1.058371439314097
9980000334     0.650418947718908     1.190609235010895     0.163836726346921
9980000335     0.385949540608146     0.160866589852144     1.057499602991823
9980000336     0.509533912354783     0.638585499635562     0.584602182621094
9980000337     0.709150293447681     0.928781777547489     1.060477290150117
9980000338     0.808809707416461     1.140752724363804     0.259754521361284
9980000339     0.306767884402007    -0.091648100185626     0.599421819506860
9980000340     0.136491310274190     0.658372558205759     0.791502230074520
9980000341     0.727466018891752     0.050019555846247     0.780625468602073
9980000342     0.729167853942081     1.046710030729525    -0.049767852828886
9980000343     0.974313064925712     1.089073437065134     0.336729993124866
9980000344     0.078870111511440     0.348330163237766     0.599670064442976
9980000345     0.538070837592395     0.647355451670676     0.438446208891038
9980000346     0.312867707932369    -0.127773931992515     0.998287485414382
9980000347     0.618902187742881     0.742808299038118     0.919504807613126
9980000348     0.571981243265904     0.182412976024095     1.230382466351557
9980000349     0.600963576588334     0.271696575014525     0.639028450698365
9980000350     0.745216127004191     0.858101435858673     1.071951098056930
9980000351     0.980653756446595     0.279836155386041     0.456904143066925
9980000352     0.507170706426571     1.041861614480344     1.026198419524590
9980000353     0.569783491408563     0.558103723065087     0.992068474384706
9980000354     0.464913400249057     0.384738067337442     1.093490654902285
9980000355     0.043548126511349    -0.096614587873438     0.273554881684405
9980000356     0.645896043223854     0.591005076575596     0.613002864064205
9980000357     0.521967243352232     0.113213841228492     0.911781232330420
9980000358     0.404224201006976     0.531153195657066     0.294339548811547
9980000359     0.254732101566319     0.196232506079660     0.447903481908163
9980000360     0.383514275687693     0.492315150441678    -0.143507153194998
9980000361     0.509464405559981     0.998863150367348     0.506320578896986
9980000362     0.584842855809848     0.015655668517621     0.729914288988011
9980000363     0.046385897408218    -0.109931079429703     0.243959796360295
9980000364    -0.013538229806117     0.279307105832298    -0.192064867086968
9980000365     0.525940014775569    -0.016244294187874     0.884442167617450
9980000366     0.711326021699053     0.195058030721195     0.021740480981976
9980000367     0.739382636068689     0.294383496984663    -0.094284540521293
9980000368     0.618810339986977     0.429550117735989     0.880769975150633
9980000369     0.820551473363774     0.794864387689205     0.787564529056022
9980000370     0.966641877286525     0.295115876925510     1.019200682101894
9980000371     0.346098842331567     0.629963098002843     0.273795680706600
9980000372     0.965420901348622     0.603093993679095     1.003924625298835
9980000373     0.404524799527406     0.603943699443340    -0.139392564114522
9980000374     0.340770419763270     0.043812854425195     1.044515324508958
9980000375     0.843858394829003     0.485564434906211     0.169939768725100
9980000376     0.750793742331402     0.599339926929365     0.508192837221113
9980000377     0.178392494687605     0.299852567916192     0.556625155380437
9980000378     0.527127556459639     0.315010016882852    -0.081867508846515
9980000379     0.561308795827487     0.471647964267686     0.581703128065550
9980000380     0.456161611620392    -0.058369521044765     0.979688388165451
9980000381     1.050087048646128     0.624731398052584    -0.069891658706203
9980000382     0.410551489038568     0.820110095091205     0.686431713966574
9980000383     0.460853651913265     0.171190820624759     0.826877718771041
9980000384     1.037060724446259     0.487344846436842     0.934401473845858
9980000385     0.859575420927872     0.681391996514773     0.339691084368824
9980000386     0.491784927084822     0.123155336662041     1.100701314786080
9980000387     0.049448323585638    -0.104115718745312     0.279659678711804
9980000388     0.267625019520168     0.148397055789880     0.777161981418293
9980000389     0.991007328632286     0.501417572580715     1.045483144966214
9980000390     0.567296928872726     0.607998345585374     0.427931397836981
9980000391     0.687654407011667     0.728908216227458     0.439450689767499
9980000392     1.072845453271212     0.946153833853388     0.702963419082857
9980000393     0.859310076116237     0.370764284443638     0.810941334416247
9980000394     0.515192868879717     0.694390489118494     0.433621342298871
9980000395     0.032353437732601     0.688514352220915    -0.270537573743356
9980000396    -0.025632928761169     0.931676312473552     0.449915668555858
9980000397     0.131289740324406     0.739256455680318     0.114499234447361
9980000398     0.088454738042016    -0.090460875950486     0.246873939683737
9980000399     0.327215915448466    -0.048235614885090     0.469579127413749
9980000400     0.377196785472055    -0.057243535011699     0.643357238563270
9980000401     0.289749095918667     0.119570856476557     0.449812297097234
9980000402     0.156281275521709     0.654719920628031     0.778063596776605
9980000403     0.060860975989896    -0.127334687283926     0.254101450373479
9980000404     0.414694630565920     0.014159382311010     1.033147350985327
9980000405     0.958303609992804     1.075923288943295     0.522605551093919
9980000406     0.215834630707500     0.662729428388107     0.673186551794688
9980000407     0.031558370363684     0.176022880432627     0.960106868127356
9980000408     0.364009925749802     0.071285628892855     0.989319719902260
9980000409     0.948626178949366     0.284618576860299     1.069216365355276
9980000410     0.515110390721160    -0.134721435254472     1.082669849922833
9980000411     0.442024317290790     1.063221217009144     0.502031448200151
9980000412     0.351974506649528     0.864534057527143     1.161917339963563
9980000413     0.550132551853236     0.247310383862867     0.969216123169916
9980000414     0.995602165308889     0.832521410459209    -0.087985548735341
9980000415     0.978015482390707     0.953511043873878    -0.035414966808139
9980000416     0.372005450484538     0.995720323416370     0.077248777862572
9980000417     0.089385327374807    -0.099048494254680     0.221433230746648
9980000418    -0.033804294891078     0.493870965033659     0.550666689797041
9980000419     0.564986213473034     0.731141312462672     0.930705154330097
9980000420     0.327856782367524     0.052179722259393    -0.073836347273973
9980000421     0.784840249960470     0.124760443477098     0.167600865320783
9980000422     0.880833976400180     1.143491633336159     0.768600049593478
9980000423     0.155016645402919     0.667781810728829     0.768139346749809
9980000424     0.761184838536535     1.022994912190147     0.744749870413308
9980000425     0.767382529515491     0.853380003115755     0.219709549965003
9980000426     0.616077661105212     0.688119367674019     0.939844808801567
9980000427     0.583712147195353     0.706276309090749     0.933829190878756
9980000428     0.794887799676348     0.668081295224617     1.175409401187562
9980000429     0.088818363143147    -0.015025997695867     0.475819463232221
9980000430     0.578175836390180    -0.142162747762808     0.594357180755315
9980000431     0.602839929541986     0.688685482755627     0.959003308191943
9980000432     0.484466877877709     1.131106641203365    -0.253014665932875
9980000433     1.074784464167671     0.932838494814665     0.295839941333238
9980000434     0.170433841880532     0.681889511558952     0.774735467194471
9980000435     0.162018153877382     0.751925723375888     0.028783514402189
9980000436     0.346637129887419     0.221646423646041     0.055951538741317
9980000437     0.274324674958924    -0.089218172465999     0.585846867842471
9980000438     0.134966161093129     0.645866057018425     0.794110603354661
9980000439     0.441873790901269     0.003627614802364     0.603813452839718
9980000440     0.503355242481220     0.006560479009084     1.016874155750798
9980000441    -0.041482831182717    -0.119186548796667     0.016513701233937
9980000442     0.113301860426000     0.496087015497100     0.686456723019243
9980000443     0.658984310473271     0.825153931430365     0.601039824645058
9980000444     0.123578064740882     0.621429602359255     0.780975506267108
9980000445     0.918991376743647     0.476990515752064     1.110672995623559
9980000446     0.536521727599789     0.437052275718825     0.472141650908004
9980000447     0.058285901059159     0.693933135187616     0.399734747465642
9980000448     0.376704839948199     0.194115800632365     0.998538491345909
9980000449     0.894875458942079     0.719578637889435     0.791555005728809
9980000450     0.905704925593977     0.368475638305157     1.154481630703150
9980000451     0.538932962132505     0.752910465912880     0.520197751499716
9980000452     0.370224465115939    -0.111138764315019     0.563026143025065
9980000453     0.802938580964534     0.335456525721610     0.734266557646327
9980000454     0.283170379754378    -0.035836818955801     0.403033546538867
9980000455     0.821842193660811     0.630696703942144     0.365799436654977
9980000456     0.314140932518794     0.124145999126584     0.633684242462985
9980000457     0.269625501814384     0.181549109427250     1.224966114907266
9980000458     0.943230711791205     0.541106589180470     0.995514041721852
9980000459     0.291589492007019    -0.093201505528359     0.785535576051055
9980000460     0.370492427991599     0.117816974293888     0.962368328298679
9980000461     1.077118852412959     0.902943265018768     0.218937401380945
9980000462     0.058917561738309     0.346281563213984     0.392482699543325
9980000463     0.604621407440753     0.604764701764429     0.221125423989310
9980000464     0.606986341799717     0.719982223443957     0.891570517647285
9980000465     0.644658152285325     0.690156159268101     0.265937385878539
9980000466     1.004140006321513     0.543254860997712     1.058508589109949
9980000467    -0.099183535298755     0.291303146556921    -0.264408469261155
9980000468     0.925343516085027     0.436877700708645     1.046326675165532
9980000469     0.608259575606541     0.317960925568294     1.034728873248297
9980000470     0.211446782126703    -0.110537002785994     0.530479793686357
9980000471     0.022983636994673     0.870524803644632     0.419434366379125
9980000472     0.088004194167679    -0.097412998345759     0.256655775786051
9980000473     0.407733337836947     0.994753867390390     0.135062387552886
9980000474     0.354982551849550     0.608696215612536     0.387608781036252
9980000475     0.516511885553695     0.435688315910651     0.306934319187510
9980000476     0.968606591287015     0.799210272840208     0.164707262393648
9980000477    -0.080739262178639     0.407522521251731     1.007937011253943
9980000478     0.765342002578684     0.268364747422556     0.543027513609074
9980000479     0.898605721804852    -0.195551165213060     0.963942243569496
9980000480     0.829803718941836     0.256711649630176     0.408948901521909
9980000481     0.291564749362276     0.064528854198224     0.845685221107619
9980000482     1.037569313704147     1.137199068785157    -0.127184300689588
9980000483     0.880544417548105     0.537108503038703    -0.022341466363415
9980000484     1.027295291864132     0.459177869950455     1.013895014205223
9980000485     0.812260929077316     0.238678653570374     0.873214650485441
9980000486     0.068199431862491    -0.130500522835824     0.248766163696720
9980000487     0.753482975510954     0.703590538692595    -0.074725904883853
9980000488     0.489098023420094     0.348803334546783     1.126933758477297
9980000489     0.346108503543085     0.097269983192546     0.221125461495453
9980000490     0.678257756712561     0.509466113433471     0.913651379635739
9980000491     0.227419339692884     0.828640051814965     0.970901567392290
9980000492     0.806164373622710     0.251566842249983    -0.284717496970697
9980000493     0.474153278039967     0.037125422062209     0.703683081514101
9980000494     0.127614528764812     0.651352563499599     0.825580458391730
9980000495     0.200187652793761    -0.062357072576082     0.405738914800823
9980000496     0.789003060830684     0.324430432057649     0.947823602290127
9980000497     0.856346780639202     0.204010435844357     1.145401335699597
9980000498     0.951327243499615     0.534942969550975     0.620819847933141
9980000499     1.099504154353491     0.884567038753938     0.534803438532874
9980000500     0.306264247382666    -0.140857594961287     0.803896484057145
9980000501     0.805517764340501     0.447446954531178     0.572545931026133
9980000502     0.584641583692370     0.719733318094607     0.960208406452756
9980000503     0.147677123356506     0.143097566024238     0.736606834300263
9980000504     0.274726686598124     0.748736035078838     0.522888853436199
9980000505     1.016029115895758     0.597715344121850    -0.122619900964126
9980000506     0.470867113792012     0.739808350658959    -0.231351861554976
9980000507     0.874616120478322     1.057196295191212     0.100412841307476
9980000508     0.778184089505298     0.550344663433732     0.953701190656051
9980000509     0.893879070876171     0.561261911221738     1.048017362141379
9980000510     0.050704082700193    -0.058732821597929     0.249518026563034
9980000511     0.385167639102887     0.313583298310298     0.241239536358785
9980000512     0.538657179125135     0.744679472875021     0.579150686013776
9980000513     0.564750497367603     1.091799550636976     0.708978817723759
9980000514     0.342644694210136     0.659792961617064     0.662594097010026
9980000515    -0.018232802603453     0.041334208801863     1.026009585343791
9980000516    -0.032158689666483     0.060186044704154     1.103517373602578
9980000517     0.555754084693154     0.755069643039175     0.962166512615390
9980000518     0.479411125523304     0.674976701100173     0.153735076714008
9980000519     0.442001248061929     1.162784796186894     1.105882792766667
9980000520     0.308028181037029     0.285204865526932     1.226609424957870
9980000521     0.949294291650167     0.566458774503769     1.072719143539976
9980000522     0.600999598722280     0.336698912953672     0.439824079580658
9980000523     0.717232299573993    -0.013913929718316     0.737854514881112
9980000524     0.595764019300276     0.446458748688542     0.289651218745425
9980000525     0.680361913451083     0.028603545432614    -0.195874242842506
9980000526     1.076228126308726     0.806296132957518     1.035187812442409
9980000527     0.046616904654182    -0.127964334743206     0.258051795877507
9980000528    -0.064594889877618    -0.021711005591170     0.756752114561794
9980000529     0.114096030520621     1.010734899073326     0.312814415012364
9980000530     0.955637639952009     0.008986542705333     1.086577366556545
9980000531     0.709525041931600     1.023674537070566     1.044038082300165
9980000532     0.611229858937924     0.018740041419355    -0.253139731846053
9980000533     0.809498530602653     0.204979810482586     0.572883619971233
9980000534     0.226482366962054     0.943483020551542     0.876914327024318
9980000535     0.953297713669209     0.603218065132566     1.018250259414865
9980000536     0.048726128793293     0.653540683653104     0.003626315341517
9980000537     0.585924682342705     0.641299785220994     1.130142311664567
9980000538     0.737214697608402     1.034791548792969     1.075197188914233
9980000539     0.409743861624546     0.287960802499717     0.901959639371098
9980000540     0.948317826235224     0.654570107000946     0.055189852440742
9980000541     0.324297830981332     0.037713567851768     1.107617236413088
9980000542     0.687916249678616    -0.194239937707390     0.575766941654688
9980000543     0.876622159673154     0.459928418698661    -0.028843191140419
9980000544     0.150705190970752     0.520781903394259     0.735100184083804
9980000545     0.720981598746346    -0.133720656407719     0.669593839886719
9980000546     0.119462841526831     0.634825366164930     0.775619300071630
9980000547     0.444712002982340     0.184062813893875     1.094601487384094
9980000548     0.303236950925214     0.073289613749926    -0.008187780525384
9980000549     0.516044981928532     0.616552425998368    -0.012381318309295
9980000550     0.924561715306390     0.946458269598876     0.292365050008535
9980000551     0.730481578351027     0.474634151047292     0.599433346735727
9980000552     0.737670488621060     0.364944291605959     1.043048753464630
9980000553     0.747036488959314     0.475758345432741     0.509540663461344
9980000554     0.536362109612568     0.353629520958385     0.805138421552395
9980000555     1.075952993511690     0.309009540313324     0.957705231442128
9980000556     0.803366995063259     0.302864853658127     0.474548383045202
9980000557     0.588940588913120     0.045020973063323     0.574462718296959
9980000558     0.326601944420938     0.135669421228420     0.847603895162765
9980000559     0.588564772306624     0.615786768540416     0.637195825322418
9980000560     0.797607647024916     0.878047655788875     0.633426216976932
9980000561     0.850723000392486     0.355469759142696     0.782666983957026
9980000562     0.489673572806473     0.353310291004753    -0.002614583522582
9980000563     0.771933786807537     0.494558346821509     0.331867810679374
9980000564     1.004650647694802     0.513635731595076     0.993055478266385
9980000565     0.311931493035700     0.211547730312150     0.715454801579152
9980000566     0.333644892307716     1.024325179747947     0.839404768267921
9980000567     0.793180446258115     0.397305385038576     0.268394417574069
9980000568     0.170507537748229     0.651506195529285     0.786928836423637
9980000569     0.024913228818668     0.549676266354735     0.226655842709500
9980000570     0.624551080318909     0.403242821316890     0.961459020386605
9980000571     0.299461811338727    -0.072833097291346     0.572545125357152
9980000572     0.906604978032519     0.769820303338630     0.481201797427415
9980000573     0.120370669300253     0.142294753345388     0.225105286026699
9980000574     0.522151820496534     0.202427923817235     0.960652506367153
9980000575     0.458842799587448     0.373802122498334     0.316546550911502
9980000576     0.813671246021180     0.800448416955884     0.410078801183506
9980000577     0.626835930709426     0.709740028854647     0.943815093394226
9980000578     0.066048228663752     0.836968902074015     0.945784480169836
9980000579     0.667172415770401    -0.184928265526418     0.611663960950028
9980000580     0.147147313849343     0.651127197709379     0.811523019897982
9980000581     0.109018295058647     0.661167274194037     0.804949771106018
9980000582     0.445535537038181     0.197566843900218     1.037985657805185
9980000583     0.249387844049247     0.892061549486700     0.582131573350649
9980000584     0.631572994512176     0.963494781385099     0.625190238563314
9980000585     0.366797124335638     0.081594150897548     1.234082399849564
9980000586     0.103459469342829    -0.077292484161733     0.214946387999554
9980000587     0.325582453876900     0.359986607456356     1.040749734034746
9980000588     0.085589333398882    -0.105510906439250     0.244380542539272
9980000589     0.422141591673047     1.093573202763943     0.177736616464876
9980000590     0.435546155196779     0.963464404150808     0.242084016995860
9980000591     0.579030456752501     0.694521556567909     0.984015113077638
9980000592     0.529237366074217     0.695712063027140     0.966694774201384
9980000593     0.428366706020033     0.164962443192927    -0.049355634123414
9980000594     0.739527936062329     0.886247211134181     0.597850616945557
9980000595     0.580597342541587     0.727355023747111     0.930780455258318
9980000596     0.940320950225254     0.569780432820713     1.045677029623075
9980000597     0.269173526271364     0.118622718414708     1.019119677007373
9980000598     0.733789798316710     0.731296637705625     0.367365233137425
9980000599     0.089104408973536     0.297915962642954     0.619697266817920
9980000600     0.587642656123950     1.051432574102527     0.678282687828007
9980000601     0.655026003005251     1.059497275735486     0.526398285268864
9980000602     0.579573367662476     0.712692963648068     0.740616630089710
9980000603     0.794143359086896     0.242062976844298     0.449183648920034
9980000604     0.276175898379805     0.230511889948693    -0.019109367187299
9980000605     0.088030199042832    -0.103624087139156     0.258913490561984
9980000606     0.622805998713988    -0.023422431653982     1.148413224709582
9980000607    -0.089279642017976     0.571725616729419     1.022886805705428
9980000608     0.339542711357340     0.140666423199599     1.090695690824212
9980000609     0.734803298974418     1.072740114870448     0.432402640139434
9980000610     1.057820808351845     0.637406116641876     0.230165722145027
9980000611     0.962221858833244     0.002195079242337     0.040706384153706
9980000612     0.671863054228898     0.864800587577815     1.005736968931986
9980000613     0.593310748978357     0.008432193901739     0.791998285726061
9980000614     0.585812977507106     0.029254002628196     0.949787844696277
9980000615     1.007791601748893     0.476744029101909    -0.079286796571833
9980000616     1.031237174666301     0.506141736592173     1.026817522175790
9980000617     0.868716308803163     0.433474896644175     0.239672770567213
9980000618     0.555943209391184     0.691677566870577     0.980254465031958
9980000619     0.961092042797547     1.027922532961736    -0.030692710310515
9980000620     0.958517850362174     0.535072354136289     1.002821793549012
9980000621     0.172277170572990     0.093692997322415     0.646831244160309
9980000622     0.257630469067029     0.277595785160621     1.053084161867646
9980000623     0.383527279351099     0.129935693914972    -0.049286470028582
9980000624     0.232525736000111     0.601081091590086     1.052986623588930
9980000625     0.527650778379065     0.587366897509110     0.564023233316749
9980000626     0.803409457677117     1.136960741110447     1.229254516547554
9980000627     0.558839982084951     0.577315460266538     0.608713517770907
9980000628     0.472889875411918     0.518849944834628    -0.291511402929733
9980000629     0.550896117063090     0.667420783762472     0.135218739397727
9980000630     0.388126912081700     0.676053166677456     0.711809763426323
9980000631     0.672326107312877     0.631258371759097     0.543148232851338
9980000632     0.336948014590232     0.078674632956688    -0.001083439213290
9980000633     0.307424690516258     0.273831282481711    -0.059259385374171
9980000634     0.445728546100342     0.066030449050974     0.704240195072745
9980000635     0.988794714368308     0.560179225207969     1.085452868571781
9980000636     0.030346733023979     0.597279049632366     0.373882817449601
9980000637     0.721528591179425     0.392316176991963     0.952663976262580
9980000638     1.041226228602062     1.155291668237018     1.185755452349576
9980000639     0.854417266895988     0.621084447310446     0.441305920778398
9980000640     0.467271022217063     0.647275409269666     0.507206338199991
9980000641     0.284388087258617     1.079209827033755     1.085115251984984
9980000642     0.232660631131742     0.035883769039737     0.577459085893865
9980000643     1.057994023743734     1.109504863583458     1.052978629336961
9980000644     0.928291355914131     0.122974962300754     0.921129735207071
9980000645     0.131472096081978     0.634469593139258     0.772773512782032
9980000646     0.646181760801161     0.218309881573737     0.426645273564246
9980000647     0.647449111134043     0.594498751052816     1.033040433333857
9980000648     0.456044829562308     0.624278216910080     0.456160021780508
9980000649     0.255532959247856     0.799953006845223     0.017493754591660
9980000650     0.343752933174855     0.095299100325663    -0.093488251714210
9980000651     0.452230714539601     0.247525920341156     1.032138682370211
9980000652     0.777170889507387     0.158568140657990     0.806819881881622
9980000653     0.662164374956905     0.109951187099786     0.408652090784064
9980000654     0.751897088374069    -0.138513870134556     1.297598044669818
9980000655     0.274921208765342     0.040699223765641     0.888691500991467
9980000656     0.396985250445264     0.543658314668721     0.871283832248512
9980000657     0.595060791403231     0.417685550581765     0.418415529171744
9980000658     0.523604704881097     0.883468839388545     1.228997117927133
9980000659     0.114084026358385     0.658258968495750     0.758162790582716
9980000660     0.586214301137941     0.681093323969223     0.949276312107760
9980000661     0.833459483354548     0.138310980495320     0.446882992054020
9980000662     0.040853699250629     1.164148027279965     1.224119283132141
9980000663     0.778732235663301     0.561008705054028     0.806395817183383
9980000664     0.255099913678642     0.164822276189770     0.008933050334089
9980000665     0.928588408304421     0.540197050402978     1.071138660292408
9980000666     0.155004873359133     0.656416672760190     0.758353121040616
9980000667     0.527188160445140     0.628665991377802     0.517152512045239
9980000668     0.979261652492390     0.664552873442629     0.665529925295515
9980000669     1.001979075529863     0.729804084460579     0.381226667792642
9980000670     0.707832810176480     1.132119575704318     0.468043418520403
9980000671     0.581621264088064     0.681325940228602     0.968804696481044
9980000672     1.075970163705291    -0.198428034100155     0.151462582375803
9980000673     0.510284733351050     0.443773920359304     0.896541779340596
9980000674     0.830117840635801     0.278682841687048     1.094342259353746
9980000675     0.082538182094981    -0.096654961327483     0.260440642793855
9980000676     0.597321390377558     0.601207219812266     0.251018339097300
9980000677     0.908091395714199     0.550040063575927     1.016586337599820
9980000678     0.399607904762285    -0.005142529819238     1.069752459273857
9980000679     0.288999670714408     0.273046723823666     0.364090063381554
9980000680     0.290309159711252     0.082090279808311     0.531051625916899
9980000681     0.076491585650517    -0.103623833377569     0.240553099238003
9980000682     0.921018799717793     0.535779206161072     1.073633679353068
9980000683     0.153996664640249     0.812440690713314     0.696403672252102
9980000684     0.902015552469719     0.116315364112520     0.666252550450587
9980000685     0.309232352092438     0.869808486827670     0.194071223773774
9980000686     1.091612048748347     0.596426010242552     0.324601302051315
9980000687     0.938844524935875     0.494501833602047     1.037346385493407
9980000688     0.140464853042293    -0.067138304770360    -0.107602103089306
9980000689     0.639625397108227     0.457116043996881     0.474323838441798
9980000690     1.046264210900912     0.954999664737040     0.340629700647284
9980000691     0.404225065626275    -0.111223108502301     0.695859639410075
9980000692     0.551047667809616     0.507956612820883     1.067885227711469
9980000693     0.628989071899146     0.359464626275429     0.535338462334225
9980000694     0.917647044807598     0.420440501915134     1.012233412848812
9980000695     0.363994103592248     0.126567495507975    -0.104824915589859
9980000696    -0.014640652401177     0.635882303361243    -0.053273667450446
9980000697     1.058815296086136     0.122680340305940     0.898967072539356
9980000698     0.835972445582616    -0.026346419935222     0.211160261232096
9980000699     1.063789520273666     0.713418761153637     0.675740750013676
9980000700     0.750649721785795     0.488555641231863     1.298839815693821
9980000701     0.423878211842492    -0.099962641751540     0.883919346689740
9980000702     0.873188375207726     0.367981748327914     0.281376125672505
9980000703    -0.095685736946735    -0.001915029300820     0.802854399768934
9980000704     0.168952858161816    -0.146182209239136     0.423605626587131
9980000705     0.154192277522163    -0.125136422944919     1.217070830058026
9980000706    -0.067777163100499     0.925159298038293    -0.226534841279165
9980000707     0.934074714527667     0.822772938969214     0.403364165209813
9980000708     0.664079585858242    -0.000690604298336     0.467189204003203
9980000709     0.438610075500744     0.414335027061779     0.873749207388657
9980000710     0.470060269809372    -0.193342938755588     0.554990863229947
9980000711     0.524170067142034     0.324519646601172     0.168462561669350
9980000712     1.057242449836037     1.020659645931943     0.571970602334336
9980000713     0.955917824948243     0.219868166713282     1.100366020094854
9980000714     0.406090771533984     0.424487605074418     1.106311876265407
9980000715     1.030821582558991     1.182993458980190     0.560572598379339
9980000716     0.442922516240564     0.142320192920464     1.109166116968429
9980000717    -0.022288473790230     0.712323670065272     1.262100226097525
9980000718     0.651875979264552     0.598615579481494     0.246649654045772
9980000719     0.872964078406109     1.080329535181451     0.160188003018632
9980000720     0.486271120274164     0.667468451682464     0.540912984600729
9980000721     0.625816780889281     0.368988834967559     0.234644443123684
9980000722     0.659987401667873     0.089548407263626     0.829886517400552
9980000723     0.404025416447281     0.758986130552395     0.842586669053164
9980000724     0.986584884598761     0.893124466999287     0.081827906474976
9980000725     0.935585584025537     0.534189635000123     1.025809863189129
9980000726     0.753364726213998     1.071729581815377     0.101529247114051
9980000727     0.195180100123433     0.407077723735599     1.060098549902257
9980000728     0.315026618250577     0.111861600203734    -0.022391306489347
9980000729     0.577923280039108     0.719666349382198     0.926850916631884
9980000730     0.770689470466892    -0.096234190056213     0.858632995709320
9980000731     0.981410919217438    -0.018853039163653     0.626765005379115
9980000732     0.148613657406895     0.681575782498058     0.811841119956006
9980000733     0.883300747766970     0.117670607802278    -0.095802385051674
9980000734     1.032180181130527     0.246557056640664     0.026784851788182
9980000735     0.062735491998982    -0.084688203445499    -0.264134571950199
9980000736     0.601617277079601    -0.110728295207063     0.330252848128498
9980000737     0.903583571355030     0.475880335181313     1.084170938613350
9980000738     0.867309752619071     0.648380261095239     1.044466295842920
9980000739     0.752731782405825     0.377662206839444     0.889389848399467
9980000740     0.106313174280532    -0.083283329699619     0.236249173757920
9980000741     0.310046912708482     0.120604929436254     0.583135732623563
9980000742     0.954074952603549     0.727342404832555     0.124699197313411
9980000743     0.152454782191765     0.660656672672762     0.787414752628810
9980000744     0.817279132082083     0.731198589255802     0.271754778863529
9980000745     0.082330661919632     0.488835137072427     1.207013366300781
9980000746     0.650106708551824     1.174115304535785     1.124343118619684
9980000747     0.883921911920814     1.170126632966589     0.216680154405657
9980000748     0.118872519028695     0.670859636090763     0.806808388923759
9980000749     0.660047784723570     0.165408323798886     0.329856138088462
9980000750     1.081034591552265     1.119985038891361     0.450417366388401
9980000751     0.274003110678565     0.875409774523457     1.065543668696394
9980000752     0.006157398259184     0.440153261680007     0.305554529363961
9980000753     1.070787090905229     0.907856861101133     1.147392128285972
9980000754     0.550716975100715     0.258552102894348     1.128918969008772
9980000755     0.645082918486540     0.359827307314040     0.509678877430717
9980000756     0.059276993560229    -0.103140083139847     0.221144708745619
9980000757     0.416901021253034    -0.032861647260583     0.937762237771139
9980000758     0.792161671782799     0.213410338829695     0.348219080802617
9980000759     0.716363360872231     0.238568348697714     1.068957793170088
9980000760     1.063620372890560     1.140960770332892     0.319439875678048
9980000761     0.835084593557681     0.240395251326459     0.942985125511224
9980000762     0.143720321683063     0.624058373294732     0.791458482701636
9980000763     0.742813891851704     1.064246524584342     0.982386015971866
9980000764     0.629283950925167     0.477942118354633     0.544955190903363
9980000765     0.841697851707393     0.244729684456374     0.706868479718300
9980000766     0.627601095242536    -0.016129563081832     0.684519604426719
9980000767     0.074197805825987    -0.095246919850639     0.265509180871039
9980000768     0.976720621702604     0.987109315077218     0.109883942738280
9980000769     0.344279668607874     0.836605566819378     0.691469173781099
9980000770     0.836336746518048     0.492188951770133     0.222596433840552
9980000771     0.802194917828341    -0.135270001856986    -0.020157242702935
9980000772    -0.040572605800815     0.868072033151768    -0.242970528538830
9980000773     0.328830712920795     0.953222710358904     0.570404276100457
9980000774     0.924302684490367     0.543006827965068     1.045118552917497
9980000775     0.712056950949095     0.123197208956389     0.927540101806142
9980000776     1.015059149975122     0.506987061447360     0.979750774371893
9980000777     0.538182393070619     0.044894628333985     0.646920221643466
9980000778     0.180042430031447     0.681143325888793     0.802431798303842
9980000779     0.169089872535008    -0.076075377931384     0.190260042924239
9980000780     0.121145013427827     0.640718636224053     0.783632217077903
9980000781     0.227740851073961    -0.095040223003974     0.721206631195413
9980000782     0.683856382275680     0.226885826187564     0.531563400692444
9980000783     1.035431398993661     1.195447054716450    -0.191232268245473
9980000784     0.326103861134996     0.630283132219728     0.765290263708230
9980000785     0.820939309533906     1.118301770032966     0.478695685211231
9980000786     0.723900228113633     0.511906070260754     0.392093925847160
9980000787     0.482421293411794     1.032720514934532    -0.091226861021398
9980000788     0.257873050295629     0.534118710766185     0.474882051223549
9980000789    -0.012589681330871     0.487082205198037     0.118990458609671
9980000790     0.425217523284025     0.126772702774674     1.000642768707746
9980000791     0.580164267039755     0.690670260467664     0.956976549450977
9980000792     0.691219935458195     0.859623585144758    -0.001562064774703
9980000793     0.862861990636392     0.912771324646240     0.191474788743525
9980000794     0.676437036408489     1.056197238969460     0.598222430309646
9980000795     0.844732089624175     0.375827177953723     0.124039985673328
9980000796     0.066033436291329     0.068303085594884     1.189440190581642
9980000797     0.640331807547497    -0.162131731822455     0.235542115028707
9980000798     0.586047415120072     0.715542672533380     0.957758582677314
9980000799     0.608341358869955    -0.044119796973209     0.531380921557513
9980000800     0.683757733857242     0.905165788478381     0.109768889509167
9980000801     0.972402264524817     0.496973635362783     1.020820190747550
9980000802     0.738854919817555     0.462364076037347     0.494017967934430
9980000803     0.419620302818341     0.865800651258416     1.010504718798310
9980000804     0.628091291188480     0.914584065005601     0.340837686479973
9980000805     0.488181038630525     0.650180731658224    -0.029899123151260
9980000806     0.136333505279640     0.850867731342196     1.123335886524152
9980000807     0.273946846007001    -0.148946573185773    -0.135317816574986
9980000808     0.481827826728022    -0.129128489422997     0.126853508499605
9980000809     0.969186129869102     0.540112587010475     1.057928484842978
9980000810     0.151782120539470     0.658002467117315     0.793654980917368
9980000811     0.627194813869182     0.429511137255345     0.760990325688644
9980000812     0.474875506462865     0.391940985757402     1.045770806922934
9980000813     0.146592312778442     0.694880331923009     1.000571125664537
9980000814     0.633784716423735     0.073512229192460     0.343134687794413
9980000815     1.010199611735887     0.644089554515477     0.778152046969992
9980000816     0.565035124937663     0.467497327357484     0.175615888915708
9980000817     0.731007781066508     0.678128471620271     0.408870139774517
9980000818     0.533016809457736     0.255033660443032     0.950649957362779
9980000819     1.054762679938837     0.558758517009244     1.056470476920913
9980000820     0.126661918600198     0.564511632118937    -0.205444438840796
9980000821     0.308190226423951     0.531996833311499     0.719250651070283
9980000822     0.215674717108977     0.062398889233982     0.904663037808541
9980000823     0.326939977819159     1.072473549326234     0.288082703480988
9980000824     0.313502310092724    -0.086311096851144     0.002638775780449
9980000825     0.203521184924943    -0.153314096592629     0.552085998150704
9980000826     0.062542513693924    -0.087709264810793     0.235060705510200
9980000827     0.595657386537930     0.723457735277303     0.979615766530293
9980000828     0.179775729496279     0.037566446707691     0.435517116090081
9980000829     0.198868971486062     0.784787806453699     0.574792286703464
9980000830     0.066587987008983     0.406195534184844     0.756878698455539
9980000831     0.559023541102784     0.393055783451354     0.583804473153558
9980000832     0.314392613260416    -0.066657365234735     1.257943971816891
9980000833     0.687993409192311    -0.070117441186509     0.688823947287905
9980000834     0.197413746766409     0.040200279165743     1.028564764735892
9980000835     0.662264425478691     0.977283062274883     0.369929564970182
9980000836     0.021353547929617     0.703900350362487     0.453262509375902
9980000837     0.608276397684351     0.406085425364428     0.510618885043010
9980000838     0.712642501355705     0.780501421075320    -0.052060367680219
9980000839     0.672470939582126     0.753822100749746     0.699658072826231
9980000840     0.850642620272797     0.896801128147015     0.006459703455894
9980000841     0.779343510959235     1.185471492720778     0.673983014442140
9980000842     0.166563212707131     0.657171187853784     0.777640657806048
9980000843     0.820848657802938     0.455712318505619    -0.288784731584671
9980000844     1.002989574086489     0.084145353640913    -0.265914463632080
9980000845     0.372533533176180     0.072220661873486    -0.034809327748286
9980000846     0.722562347681417     0.680660260009899     0.335941071234622
9980000847     0.071675014846417    -0.110995349160877     0.227442089907549
9980000848     0.231132326084274     0.921382591002100     1.266010994585719
9980000849     0.775128991623391     0.223009227752976     0.515587932767885
9980000850     0.977043554268907     0.556886279033590     1.025640803654091
9980000851     0.041166659342077     0.068630942971943     0.238914320210981
9980000852     0.724608111502595     0.378212530465076     0.244125722204212
9980000853     0.600617162324394     0.730145196218589     0.965415448963957
9980000854     0.664831656330474    -0.114325062390937     0.918749902455716
9980000855     0.846089053102108     0.325755178742008     1.078378106011084
9980000856     0.312895461912690     0.055302536488532     0.787616983994216
9980000857     0.732142339177043     0.327173493533041     0.507157309111449
9980000858     0.805242994999729     0.871491559508706     0.176638406193164
9980000859     1.054397224855930     1.038177885448592     0.226230370386699
9980000860     0.465649639673642     0.720365431186024     0.484442380724946
9980000861     0.084856688638961    -0.095954239789876     0.249962886767530
9980000862     0.515536449714265     0.218419447843024     0.274534770198003
9980000863     0.084757758586283     1.034110166807125    -0.132135437664427
9980000864     0.902383513937293     0.066239818659045    -0.298549160842425
9980000865     0.316104990657980    -0.049423581104939     0.660587853523837
9980000866     0.490235065563673    -0.047310661027040     0.542185438684570
9980000867     0.250820726411595     0.120114850765874     0.512111258904771
9980000868     0.227078332233278     1.114724227660665     0.561625555878032
9980000869     0.970830561465478     0.320213218490040     1.110634143929385
9980000870     0.144984452522056     0.615858384723276     0.805437912767858
9980000871     0.308948001571473     0.115369318806410     0.048626335390883
9980000872     0.183126600163201     1.078040192816500    -0.106446263310264
9980000873     0.161877168051661     0.642212323818257     0.775376989495548
9980000874     0.444271349342042     0.226783132343159     0.958282455824634
9980000875     0.798267629501527    -0.104421514119276     0.171551032572673
9980000876     0.902807437686022     0.254042020453270     0.486280502478648
9980000877     0.031626741949479    -0.099028483116771     0.243131678982885
9980000878     0.809841531414778     0.502133688873495     0.630903794496683
9980000879     0.968839527628895     0.484160262535453     1.032151084691000
9980000880     0.841013109910898     0.562199515348387    -0.007033538929236
9980000881     0.679539121331264    -0.109489294831486    -0.067923238192923
9980000882     0.555287296693967     0.619905021320817     0.989071415841927
9980000883     0.520809608813970    -0.020243417929877     1.056189861283465
9980000884     0.671184361080425     0.219730170211649     0.226105884292395
9980000885     1.003816536089185     0.901210070999174     0.091013703205762
9980000886     0.617262929679885    -0.154726326225526     0.802100451503586
9980000887     0.709779476330546     0.742383777076074     0.618574723990351
9980000888     1.056931511618744     0.363907180653947     0.759746672938142
9980000889     0.953328900343291     0.716042774119462     1.260524629548228
9980000890     0.242849260622155     1.130779658385675    -0.134613069623779
9980000891     0.137576767229700    -0.083642339733875     0.600172434211658
9980000892     0.783558341275108     0.352453878929959     0.927588709060827
9980000893     0.328675747052705    -0.045745969434700     0.892752354910193
9980000894     0.460060356445159     0.693328135920462     0.481258864663665
9980000895     0.467434710923775     0.101258674685282     1.049993321510539
9980000896     0.656879335784665     0.533161119351482     0.474830950418935
9980000897     0.645246676810671     0.339670329085345     1.160499776863564
9980000898     0.938998883304330     0.457798486931965     0.024730345071661
9980000899     0.856013469513371     0.214827869548475     0.313045355154298
9980000900     0.127733570549148     0.715152626026380     0.963860015231523
9980000901     0.289902362945526    -0.036502871020835     0.773932883045756
9980000902     0.512810208110122    -0.032953447738217     0.246396627336208
9980000903     0.831420616546480     0.255808232235489     1.183053409994697
9980000904     0.545706406180472    -0.017778759152450     0.375226853338571
9980000905     1.036253057776032     0.473653233443380     1.065014672589321
9980000906    -0.045273109808957     0.529450068622280    -0.217027842638876
9980000907     0.447051615786518    -0.032200449725899     0.686357357293520
9980000908     0.951340286624088     0.541001527222477     0.413728948624802
9980000909     0.175230888080101     0.644586159573580     0.824499278113227
9980000910     0.659860628787979     0.210332300975341     0.431126080839088
9980000911     1.026164609671251    -0.084913651465315     0.087247705691477
9980000912     0.926016131965407     0.512472776363144     1.050816182763760
9980000913    -0.076059455129847     0.026015210532025     0.582384458995568
9980000914     0.079088837735280    -0.066203296322950     0.801193303978331
9980000915     0.852176246329020     0.780487853659387     0.594498135156566
9980000916     0.379473014715905     0.149315494592949     0.890125066730389
9980000917     0.385976417107569     0.110681647199699    -0.005012695533072
9980000918     1.058103538874572    -0.040790210078221     0.903326900555862
9980000919     0.862490345142929     0.462871114277968     0.682042728568529
9980000920     0.846974550418821     0.361825746204222     0.616744088730075
9980000921     0.963660091920310     0.290649940127642    -0.086519909415400
9980000922     0.270366331138888     0.127473182273102     1.025841836524320
9980000923     0.262329109146388     0.033521699720201     1.000608453007263
9980000924     0.072228782730933    -0.067886184350378     0.231713222279515
9980000925     0.985648232272306     0.545178582324773     1.025964058483232
9980000926     0.901950855969564    -0.015810282199887    -0.147154941182918
9980000927     0.836401963283770    -0.006468231795036    -0.131807715256536
9980000928     0.913738808208005    -0.004062353713156     0.882888076774839
9980000929     0.507313817498736    -0.100274492318347     0.891739508140258
9980000930     0.282733009396086     0.155191932528483    -0.021215703374300
9980000931     0.237421706499822     0.215917609892250    -0.002551118199839
9980000932     0.371334688783340     0.097647029609343     0.668556771863807
9980000933     0.324008035632138     0.027175832252131     0.622547860923497
9980000934     0.078445338368058    -0.087420275143791     0.252477466908285
9980000935     0.220210933836527     0.139509674992472     0.748047285161709
9980000936     0.480826635343824     0.617597961672719     0.964274928583856
9980000937     0.592657695508799     0.805492254423308     0.569581625869716
9980000938     0.370404355335824     0.174982614049030     0.035095962770129
9980000939     0.941693014598447     0.594717273065535     1.035750987174914
9980000940     0.292158422468223     0.095172681904127     0.049855976912184
9980000941     0.741882080931958    -0.081033086632863     0.622998476234379
9980000942     0.135309129625612     0.667784780594220     0.792603545219930
9980000943     0.674812072788725     0.499926594801322     0.278588541387275
9980000944     0.702221508589508     1.194837186480086     0.089884893594790
9980000945    -0.083389041491482     0.906378027052495     0.071930833309000
9980000946     1.051690654936333     0.566905810042247     1.065195858848284
9980000947     0.116362558473717     0.990459395048221     0.815097552463698
9980000948    -0.051049518817071     0.284731672875837     1.265743287456441
9980000949     0.935794698978416     0.676625093186060     1.261893020968191
9980000950     0.577176248657514     0.319407871788921     0.862488358886428
9980000951     0.975208366951073     0.508633363304654     1.001686280297994
9980000952     0.390161497618943     0.901630720488974     0.708327596848319
9980000953     0.174762078100016     0.124690843277390     0.306459531972073
9980000954     0.967175157184974     0.856523311040717     0.820733442771275
9980000955     0.557457885607760     0.323733710089298     1.289103455038735
9980000956     0.156276221306440     0.643433140989619     0.774564958096102
9980000957    -0.045714960023750     0.354789028862253     0.207221952447209
9980000958     0.959752688877085     0.510726912877854     1.016805191335028
9980000959     0.057870714190849     0.364653359282214    -0.158397930331305
9980000960     0.932070081316164     1.012047065996364    -0.102568863387946
9980000961     0.178779784982549     0.570117338418586     0.386011722083928
9980000962     0.919838717429441     0.299784195503923     1.167034445577606
9980000963     0.856922061432328     0.214446776090638     0.316239800158666
9980000964     0.994255308239926     0.506401694314850     1.015448346137364
9980000965     0.077497242401754    -0.080952227661750     0.247276803902091
9980000966     0.713836557833883     0.745549860732764     0.987835419625860
9980000967     0.635940647720839     0.727353764123460     0.531226554368100
9980000968     0.306449395958766     0.170080058494576     0.590421246667591
9980000969     0.752184685809052     0.441090975521750     0.856875185998572
9980000970     0.807398926177877     0.292083027421823     0.097518684464238
9980000971     0.966867337690620     1.070998500486098     0.271159723284965
9980000972     1.000945563165862     0.556228821921415     0.990451026742336
9980000973     0.073728396061591    -0.087024597323830     0.250743335610418
9980000974     0.309869262983802     0.573651791119298     0.507878499248332
9980000975     0.783648699342898     0.075312212582945     0.462136925467380
9980000976     0.928327490416918     1.076714652220539     1.218139647255903
9980000977     0.038456486015128     1.077271629206227     0.214276496212399
9980000978     0.594668813382877     0.280996842443819     1.021666282255459
9980000979     0.177018018013623    -0.091584834220221     0.901644715765318
9980000980     0.829204614161703     0.839491825150370     0.874093600643658
9980000981     0.450382051767197     0.886723895753604     1.080479555528440
9980000982     0.561409760558956     0.137016526766328     0.796018681141360
9980000983     0.956674073224499     0.519858398156399     0.999935100124948
9980000984     0.576859476912398     0.689979097916524     0.932883461977481
9980000985     0.227410974083741     0.419568438327693     0.664331576300841
9980000986     0.635047219788402     0.508190437461007     0.698361022271726
9980000987     0.659016638263192     0.057344003603007     0.737004771145244
9980000988     0.147896039577536    -0.199550195951561     0.842117756547432
9980000989     0.677881533040266     1.071899674924885     0.476582887612513
9980000990     0.878927806347187     0.268145576732744     1.227743845299376
9980000991     0.972727915835686     0.518681300697557     1.035129165269170
9980000992     0.890409982717254     0.054351281894710     1.177346805693972
9980000993     0.371441605582820     0.158742111742524     0.474419643719269
9980000994     0.626355420935326     0.528620622157227     0.747424044342392
9980000995     1.028875258337407     0.212025804200907     0.395736979093593
9980000996     0.576740901892822     0.673117884019395     0.925207706364641
9980000997     0.524468452012548     0.280264299954728    -0.257218040492215
9980000998     0.569876741117474     0.765298726839924     0.267591547649720
9980000999     0.930917253844200     1.001055930067368     0.534819950958859
9980001000     1.030347910445694    -0.168266208128057     0.343027321600075
